Time(ms),Position_x,Position_y,Position_z,Rotation_x,Rotation_y,Rotation_z,Rotation_w, Speed (km/h) ,Steering Wheel Position_-1,Steering Wheel Position_1, Gas Pedal Position , Brake Pedal Position , Engine Running , Distance Ahead (meters), Time To Collision (sec) , Headway Time (sec)
1565838770403,-10.5,0.035,-230,-0.0015,1,-0.0014,0,5.25,0.00292,0,0,TRUE,0,0,0,0.23500642
1565838770619,-10.5,0.101,-230,-0.0015,1,-0.0018,0,5.74,0.00292,0,0,TRUE,0,0,0,0
1565838770827,-10.5,0.155,-230,-0.001,1,-0.0016,0,4.32,0.00292,0,0,TRUE,0,0,0,0
1565838771024,-10.5,0.194,-230,-5.00E-04,1,-0.0014,0,2.91,0.00292,0,0,TRUE,0,0,0,0
1565838771163,-10.5,0.216,-230,0,1,-0.0012,0,1.5,0.00292,0,0,TRUE,0,0,0,0
1565838771288,-10.5,0.223,-230,4.00E-04,1,-0.001,0,0.08,0.00292,0,0,TRUE,0,0,0,0
1565838771412,-10.5,0.214,-230,9.00E-04,1,-8.00E-04,0,1.32,0.00292,0,0,TRUE,0,0,0,0
1565838771527,-10.5,0.19,-230,0.0014,1,-6.00E-04,0,2.73,0.00292,0,0,TRUE,0,0,0,0
1565838771635,-10.5,0.155,-230,0.0013,1,-5.00E-04,0,2.67,0.00292,0,0,TRUE,0,0,0,0
1565838771751,-10.5,0.139,-230,-2.00E-04,1,-9.00E-04,0,0.74,0.00295,0,0,TRUE,0,0,0,0
1565838771846,-10.5,0.141,-230,-0.0011,1,-0.0011,0,0.52,0.00295,0,0,TRUE,0,0,0,0
1565838771950,-10.501,0.148,-230,-9.00E-04,1,-9.00E-04,0,0.69,0.00295,0,0,TRUE,0,0,0,0.06423921
1565838772066,-10.5,0.154,-230,-6.00E-04,1,-6.00E-04,0,0.41,0.00295,0,0,TRUE,0,0,0,-0.11027263
1565838772178,-10.5,0.157,-230,-4.00E-04,1,-4.00E-04,0,0.13,0.00291,0,0,TRUE,0,0,0,0
1565838772364,-10.5,0.157,-230,-4.00E-04,1,-4.00E-04,0,0.01,0.00211,0,0,TRUE,0,0,0,NaN
1565838772791,-10.5,0.157,-230,-4.00E-04,1,-4.00E-04,0,0.06,8.70E-04,0,0,TRUE,0,0,0,NaN
1565838772879,-10.5,0.156,-230,-4.00E-04,1,-5.00E-04,0,0.05,8.70E-04,0,0,TRUE,0,0,0,0
1565838772967,-10.5,0.156,-230,-4.00E-04,1,-5.00E-04,0,0.02,8.70E-04,0,0,TRUE,0,0,0,NaN
1565838773055,-10.5,0.156,-230,-4.00E-04,1,-5.00E-04,0,0.01,8.70E-04,0,0,TRUE,0,0,0,NaN
1565838773144,-10.5,0.156,-230,-4.00E-04,1,-5.00E-04,0,0.01,8.70E-04,0,0,TRUE,0,0,0,NaN
1565838773279,-10.5,0.156,-230,-4.00E-04,1,-5.00E-04,0,0.01,5.80E-04,0,0,TRUE,0,0,0,NaN
1565838773423,-10.5,0.156,-230,-4.00E-04,1,-5.00E-04,0,0.01,-0.00139,0,0,TRUE,0,0,0,NaN
1565838773597,-10.5,0.156,-230,-4.00E-04,1,-5.00E-04,0,0,-0.00206,0,0,TRUE,0,0,0,NaN
1565838773682,-10.5,0.156,-230,-4.00E-04,1,-5.00E-04,0,0,-0.00206,0,0,TRUE,0,0,0,NaN
1565838773769,-10.5,0.156,-230,-4.00E-04,1,-5.00E-04,0,0,-0.00206,0,0,TRUE,0,0,0,NaN
1565838773856,-10.5,0.156,-230,-4.00E-04,1,-5.00E-04,0,0,-0.00206,0,0,TRUE,0,0,0,NaN
1565838773980,-10.5,0.156,-230,-4.00E-04,1,-5.00E-04,0,0,-0.00206,0,0,TRUE,0,0,0,NaN
1565838774074,-10.5,0.156,-229.999,-4.00E-04,1,-5.00E-04,0,0,-0.00206,0,0,TRUE,0,0,0,0
1565838774170,-10.5,0.156,-229.999,-4.00E-04,1,-5.00E-04,0,0,-0.00206,0,0,TRUE,0,0,0,NaN
1565838774256,-10.5,0.156,-229.999,-4.00E-04,1,-5.00E-04,0,0,-0.00206,0,0,TRUE,0,0,0,NaN
1565838774347,-10.5,0.156,-229.999,-4.00E-04,1,-5.00E-04,0,0,-0.00206,0,0,TRUE,0,0,0,NaN
1565838774441,-10.5,0.156,-229.999,-4.00E-04,1,-5.00E-04,0,0,-0.00206,0,0,TRUE,0,0,0,NaN
1565838774534,-10.5,0.156,-229.999,-4.00E-04,1,-5.00E-04,0,0,-0.00206,0,0,TRUE,0,0,0,NaN
1565838774622,-10.5,0.156,-229.999,-4.00E-04,1,-5.00E-04,0,0,-0.00206,0,0,TRUE,0,0,0,NaN
1565838774711,-10.5,0.156,-229.999,-4.00E-04,1,-5.00E-04,0,0,-0.00206,0,0,TRUE,0,0,0,NaN
1565838774798,-10.5,0.156,-229.999,-4.00E-04,1,-5.00E-04,0,0,-0.00206,0,0,TRUE,0,0,0,NaN
1565838774884,-10.5,0.156,-229.999,-4.00E-04,1,-5.00E-04,0,0,-0.00206,0,0,TRUE,0,0,0,NaN
1565838774979,-10.5,0.156,-229.999,-4.00E-04,1,-5.00E-04,0,0,-0.00206,0,0,TRUE,0,0,0,NaN
1565838775064,-10.5,0.156,-229.999,-4.00E-04,1,-5.00E-04,0,0,-0.00206,0,0,TRUE,0,0,0,NaN
1565838775153,-10.5,0.156,-229.999,-4.00E-04,1,-5.00E-04,0,0,-0.00206,0,0,TRUE,0,0,0,NaN
1565838775241,-10.5,0.156,-229.999,-4.00E-04,1,-5.00E-04,0,0,-0.00206,0,0,TRUE,0,0,0,NaN
1565838775328,-10.5,0.156,-229.999,-4.00E-04,1,-5.00E-04,0,0,-0.00206,0,0,TRUE,0,0,0,NaN
1565838775414,-10.5,0.156,-229.999,-4.00E-04,1,-5.00E-04,0,0,-0.00206,0,0,TRUE,0,0,0,NaN
1565838775499,-10.5,0.156,-229.999,-4.00E-04,1,-5.00E-04,0,0,-0.00206,0,0,TRUE,0,0,0,NaN
1565838775587,-10.5,0.156,-229.999,-4.00E-04,1,-5.00E-04,0,0,-0.00206,0,0,TRUE,0,0,0,NaN
1565838775673,-10.5,0.156,-229.999,-4.00E-04,1,-5.00E-04,0,0,-0.00206,0,0,TRUE,0,0,0,NaN
1565838775853,-10.5,0.156,-229.999,-4.00E-04,1,-5.00E-04,0,0,-0.00281,0,0,TRUE,0,0,0,NaN
1565838775996,-10.5,0.156,-229.999,-4.00E-04,1,-5.00E-04,0,0,-0.00612,0,0,TRUE,0,0,0,NaN
1565838776138,-10.5,0.156,-229.999,-4.00E-04,1,-5.00E-04,0,0,-0.00669,0,0,TRUE,0,0,0,NaN
1565838776232,-10.5,0.156,-229.999,-4.00E-04,1,-5.00E-04,0,0,-0.00669,0,0,TRUE,0,0,0,NaN
1565838776329,-10.5,0.156,-229.999,-4.00E-04,1,-5.00E-04,0,0,-0.00669,0,0,TRUE,0,0,0,NaN
1565838776531,-10.5,0.156,-229.999,-4.00E-04,1,-5.00E-04,0,0,-0.00669,0.1349203,0,TRUE,0,0,0,NaN
1565838776676,-10.5,0.156,-229.999,-4.00E-04,1,-5.00E-04,0,0,-0.00736,0.16665909,0,TRUE,0,0,0,NaN
1565838776818,-10.5,0.156,-229.999,-4.00E-04,1,-5.00E-04,0,0,-0.00936,0.22221714,0,TRUE,0,0,0,NaN
1565838776966,-10.5,0.156,-229.999,-4.00E-04,1,-5.00E-04,0,0,-0.00975,0.36110473,0,TRUE,0,0,0,NaN
1565838777109,-10.5,0.156,-229.999,-4.00E-04,1,-5.00E-04,0,0,-0.00988,0.50782025,0,TRUE,0,0,0,NaN
1565838777253,-10.5,0.156,-229.998,-4.00E-04,1,-5.00E-04,0,0.03,-0.01074,0.51172656,0,TRUE,0,0,0,0
1565838777387,-10.5,0.156,-229.998,-4.00E-04,1,-5.00E-04,0,0.07,-0.01091,0.54297704,0,TRUE,0,0,0,NaN
1565838777514,-10.5,0.156,-229.996,-4.00E-04,1,-5.00E-04,0,0.12,-0.01091,0.6171969,0,TRUE,0,0,0,0
1565838777625,-10.5,0.156,-229.995,-4.00E-04,1,-5.00E-04,1.00E-04,0.2,-0.01091,0.6601663,0,TRUE,0,0,0,0
1565838777732,-10.5,0.156,-229.991,-4.00E-04,1,-6.00E-04,1.00E-04,0.31,-0.01095,0.6914168,0,TRUE,0,0,0,0
1565838777834,-10.5,0.156,-229.987,-4.00E-04,1,-6.00E-04,1.00E-04,0.44,-0.01101,0.70704204,0,TRUE,0,0,0,0
1565838777931,-10.501,0.156,-229.981,-4.00E-04,1,-6.00E-04,1.00E-04,0.58,-0.01101,0.7226673,0,TRUE,0,0,0,0.065971434
1565838778031,-10.501,0.156,-229.974,-4.00E-04,1,-6.00E-04,1.00E-04,0.73,-0.01101,0.74610513,0,TRUE,0,0,0,0
1565838778180,-10.501,0.156,-229.964,-4.00E-04,1,-6.00E-04,2.00E-04,0.9,-0.01101,0.85156024,0,TRUE,0,0,0,0
1565838778311,-10.501,0.156,-229.953,-4.00E-04,1,-6.00E-04,2.00E-04,1.12,-0.01101,0.949218,0,TRUE,0,0,0,0
1565838778428,-10.501,0.156,-229.938,-4.00E-04,1,-6.00E-04,3.00E-04,1.41,-0.01101,1,0,TRUE,0,0,0,0
1565838778518,-10.501,0.156,-229.92,-4.00E-04,1,-7.00E-04,3.00E-04,1.75,-0.01101,1,0,TRUE,0,0,0,0
1565838778611,-10.501,0.156,-229.898,-4.00E-04,1,-7.00E-04,4.00E-04,2.11,-0.01101,1,0,TRUE,0,0,0,0
1565838778697,-10.501,0.156,-229.872,-4.00E-04,1,-7.00E-04,5.00E-04,2.49,-0.01101,1,0,TRUE,0,0,0,0
1565838778786,-10.501,0.156,-229.842,-4.00E-04,1,-7.00E-04,6.00E-04,2.88,-0.01101,0.9882811,0,TRUE,0,0,0,0
1565838778874,-10.502,0.156,-229.807,-4.00E-04,1,-7.00E-04,7.00E-04,3.28,-0.01101,0.98437476,0,TRUE,0,0,0,0.03605245
1565838778961,-10.502,0.156,-229.768,-4.00E-04,1,-7.00E-04,8.00E-04,3.7,-0.01101,0.9921874,0,TRUE,0,0,0,0
1565838779049,-10.502,0.156,-229.724,-4.00E-04,1,-7.00E-04,9.00E-04,4.13,-0.01101,1,0,TRUE,0,0,0,0
1565838779135,-10.503,0.156,-229.675,-4.00E-04,1,-8.00E-04,0.001,4.58,-0.01101,1,0,TRUE,0,0,0,0.029671267
1565838779227,-10.503,0.156,-229.62,-4.00E-04,1,-8.00E-04,0.0012,5.04,-0.01101,1,0,TRUE,0,0,0,0
1565838779313,-10.504,0.156,-229.561,-4.00E-04,1,-8.00E-04,0.0013,5.51,-0.01101,1,0,TRUE,0,0,0,0.025716644
1565838779396,-10.504,0.156,-229.497,-4.00E-04,1,-8.00E-04,0.0015,5.98,-0.01101,1,0,TRUE,0,0,0,0
1565838779483,-10.505,0.156,-229.427,-4.00E-04,1,-8.00E-04,0.0017,6.46,-0.01101,1,0,TRUE,0,0,0,0.021902915
1565838779569,-10.505,0.156,-229.352,-4.00E-04,1,-8.00E-04,0.0018,6.95,-0.01101,1,0,TRUE,0,0,0,0
1565838779661,-10.506,0.156,-229.271,-4.00E-04,1,-8.00E-04,0.002,7.44,-0.01101,0.9921874,0,TRUE,0,0,0,0.018251624
1565838779770,-10.507,0.156,-229.185,-4.00E-04,1,-8.00E-04,0.0022,7.92,-0.01091,0.97265583,0,TRUE,0,0,0,0.014228771
1565838779948,-10.508,0.156,-229.094,-4.00E-04,1,-8.00E-04,0.0025,8.38,-0.01011,0.8007782,0,TRUE,0,0,0,0.007890908
1565838780099,-10.509,0.156,-228.998,-4.00E-04,1,-7.00E-04,0.0027,8.74,-0.00976,0.7226673,0,TRUE,0,0,0,0.006894785
1565838780226,-10.51,0.156,-228.899,-4.00E-04,1,-7.00E-04,0.0029,9.02,-0.00976,0.67188525,0,TRUE,0,0,0,0.006188356
1565838780331,-10.511,0.156,-228.797,-4.00E-04,1,-6.00E-04,0.0031,9.24,-0.00976,0.6953231,0,TRUE,0,0,0,0.005702281
1565838780486,-10.512,0.156,-228.692,-4.00E-04,1,-6.00E-04,0.0033,9.47,-0.00953,0.7226673,0,TRUE,0,0,0,0.003927162
1565838780681,-10.513,0.156,-228.585,-4.00E-04,1,-6.00E-04,0.0035,9.72,-0.00751,0.7499962,0,TRUE,0,0,0,0.003326468
1565838780813,-10.514,0.156,-228.475,-4.00E-04,1,-6.00E-04,0.0037,10,-0.00709,0.7539025,0,TRUE,0,0,0,0.005358506
1565838780904,-10.516,0.156,-228.362,-4.00E-04,1,-7.00E-04,0.0039,10.3,-0.00709,0.7578088,0,TRUE,0,0,0,0.016203333
1565838781003,-10.517,0.156,-228.246,-4.00E-04,1,-7.00E-04,0.0041,10.61,-0.00709,0.7617151,0,TRUE,0,0,0,0.007501269
1565838781088,-10.518,0.156,-228.125,-4.00E-04,1,-7.00E-04,0.0042,10.94,-0.00709,0.7617151,0,TRUE,0,0,0,0.008907293
1565838781175,-10.52,0.156,-228.001,-4.00E-04,1,-7.00E-04,0.0044,11.29,-0.00709,0.7617151,0,TRUE,0,0,0,0.018030133
1565838781267,-10.521,0.156,-227.873,-4.00E-04,1,-7.00E-04,0.0046,11.64,-0.00709,0.7578088,0,TRUE,0,0,0,0.008250799
1565838781358,-10.523,0.156,-227.741,-4.00E-04,1,-7.00E-04,0.0048,12.01,-0.00709,0.7499962,0,TRUE,0,0,0,0.01710882
1565838781453,-10.525,0.156,-227.605,-4.00E-04,1,-7.00E-04,0.005,12.38,-0.00709,0.7304799,0,TRUE,0,0,0,0.01590681
1565838781559,-10.527,0.156,-227.465,-4.00E-04,1,-7.00E-04,0.0052,12.74,-0.00709,0.6875105,0,TRUE,0,0,0,0.013481208
1565838781652,-10.529,0.156,-227.321,-4.00E-04,1,-7.00E-04,0.0054,13.08,-0.00709,0.67579156,0,TRUE,0,0,0,0.014102506
1565838781742,-10.531,0.156,-227.174,-4.00E-04,1,-7.00E-04,0.0057,13.41,-0.00709,0.67188525,0,TRUE,0,0,0,0.013854807
1565838781851,-10.533,0.156,-227.022,-4.00E-04,1,-7.00E-04,0.0059,13.75,-0.00709,0.62891585,0,TRUE,0,0,0,0.01139956
1565838781953,-10.535,0.156,-226.867,-4.00E-04,1,-7.00E-04,0.0061,14.05,-0.00709,0.59375906,0,TRUE,0,0,0,0.0105403
1565838782046,-10.538,0.156,-226.709,-4.00E-04,1,-7.00E-04,0.0063,14.33,-0.00709,0.5781338,0,TRUE,0,0,0,0.015877513
1565838782135,-10.54,0.156,-226.548,-4.00E-04,1,-7.00E-04,0.0066,14.6,-0.00709,0.5742275,0,TRUE,0,0,0,0.010467027
1565838782229,-10.543,0.156,-226.384,-4.00E-04,1,-7.00E-04,0.0068,14.86,-0.00709,0.59766537,0,TRUE,0,0,0,0.014053361
1565838782333,-10.546,0.156,-226.217,-4.00E-04,1,-7.00E-04,0.0071,15.14,-0.00709,0.62891585,0,TRUE,0,0,0,0.01342883
1565838782423,-10.549,0.156,-226.046,-4.00E-04,1,-7.00E-04,0.0073,15.45,-0.00709,0.63672847,0,TRUE,0,0,0,0.016785614
1565838782511,-10.552,0.156,-225.872,-4.00E-04,1,-7.00E-04,0.0076,15.77,-0.00709,0.63672847,0,TRUE,0,0,0,0.017413363
1565838782598,-10.555,0.156,-225.695,-4.00E-04,1,-7.00E-04,0.0078,16.1,-0.00709,0.6406348,0,TRUE,0,0,0,0.017858619
1565838782688,-10.559,0.156,-225.514,-4.00E-04,1,-7.00E-04,0.0081,16.43,-0.00709,0.6406348,0,TRUE,0,0,0,0.022501599
1565838782772,-10.562,0.156,-225.329,-4.00E-04,1,-7.00E-04,0.0083,16.76,-0.00709,0.6406348,0,TRUE,0,0,0,0.017694239
1565838782878,-10.566,0.156,-225.14,-4.00E-04,1,-7.00E-04,0.0086,17.09,-0.00696,0.6406348,0,TRUE,0,0,0,0.018297242
1565838783014,-10.57,0.156,-224.948,-4.00E-04,1,-7.00E-04,0.0089,17.36,-0.00546,0.6406348,0,TRUE,0,0,0,0.011485586
1565838783152,-10.574,0.156,-224.754,-4.00E-04,1,-6.00E-04,0.0091,17.53,-0.004,0.6406348,0,TRUE,0,0,0,0.007055129
1565838783235,-10.578,0.156,-224.558,-4.00E-04,1,-6.00E-04,0.0093,17.66,-0.004,0.6406348,0,TRUE,0,0,0,0.008876544
1565838783320,-10.582,0.156,-224.361,-4.00E-04,1,-6.00E-04,0.0095,17.77,-0.004,0.6406348,0,TRUE,0,0,0,0.007296805
1565838783408,-10.586,0.156,-224.163,-4.00E-04,1,-6.00E-04,0.0096,17.89,-0.004,0.6406348,0,TRUE,0,0,0,0.007651996
1565838783497,-10.591,0.156,-223.963,-4.00E-04,1,-6.00E-04,0.0098,18.01,-0.004,0.6406348,0,TRUE,0,0,0,0.009359009
1565838783581,-10.595,0.156,-223.763,-4.00E-04,1,-6.00E-04,0.01,18.13,-0.004,0.6406348,0,TRUE,0,0,0,0.007936288
1565838783665,-10.599,0.156,-223.56,-4.00E-04,0.9999,-6.00E-04,0.0101,18.25,-0.004,0.6406348,0,TRUE,0,0,0,0.007817077
1565838783749,-10.604,0.156,-223.357,-4.00E-04,0.9999,-6.00E-04,0.0103,18.38,-0.004,0.6406348,0,TRUE,0,0,0,0.010585337
1565838783836,-10.608,0.156,-223.152,-4.00E-04,0.9999,-6.00E-04,0.0104,18.5,-0.004,0.6406348,0,TRUE,0,0,0,0.007473958
1565838783947,-10.613,0.156,-222.945,-4.00E-04,0.9999,-6.00E-04,0.0106,18.63,-0.00419,0.6406348,0,TRUE,0,0,0,0.007856488
1565838784033,-10.618,0.156,-222.737,-4.00E-04,0.9999,-6.00E-04,0.0108,18.77,-0.00422,0.6406348,0,TRUE,0,0,0,0.010866908
1565838784172,-10.623,0.156,-222.528,-4.00E-04,0.9999,-6.00E-04,0.0109,18.9,-0.00342,0.63672847,0,TRUE,0,0,0,0.006213459
1565838784316,-10.628,0.156,-222.317,-4.00E-04,0.9999,-6.00E-04,0.0111,19.03,-3.40E-04,0.63672847,0,TRUE,0,0,0,0.005941012
1565838784450,-10.633,0.156,-222.104,-4.00E-04,0.9999,-6.00E-04,0.0112,19.17,6.10E-04,0.6445411,0,TRUE,0,0,0,0.006810905
1565838784632,-10.638,0.156,-221.89,-4.00E-04,0.9999,-6.00E-04,0.0112,19.31,-0.00112,0.6523537,0,TRUE,0,0,0,0.004990085
1565838784771,-10.642,0.156,-221.675,-4.00E-04,0.9999,-6.00E-04,0.0112,19.46,-0.00251,0.6523537,0,TRUE,0,0,0,0.005576975
1565838784858,-10.647,0.156,-221.457,-4.00E-04,0.9999,-6.00E-04,0.0113,19.61,-0.00251,0.6601663,0,TRUE,0,0,0,0.010981928
1565838784944,-10.653,0.156,-221.238,-4.00E-04,0.9999,-6.00E-04,0.0114,19.77,-0.00251,0.66407263,0,TRUE,0,0,0,0.014152821
1565838785042,-10.658,0.156,-221.018,-4.00E-04,0.9999,-6.00E-04,0.0115,19.93,-0.00255,0.66797894,0,TRUE,0,0,0,0.010304662
1565838785178,-10.663,0.156,-220.795,-4.00E-04,0.9999,-6.00E-04,0.0116,20.09,-0.00337,0.66797894,0,TRUE,0,0,0,0.00732538
1565838785317,-10.669,0.156,-220.571,-4.00E-04,0.9999,-6.00E-04,0.0118,20.26,-0.00453,0.66797894,0,TRUE,0,0,0,0.009095985
1565838785437,-10.675,0.156,-220.344,-4.00E-04,0.9999,-6.00E-04,0.0119,20.44,-0.00427,0.67188525,0,TRUE,0,0,0,0.011010098
1565838785573,-10.681,0.156,-220.116,-4.00E-04,0.9999,-6.00E-04,0.0121,20.61,-0.00218,0.67188525,0,TRUE,0,0,0,0.009133736
1565838785711,-10.686,0.156,-219.886,-4.00E-04,0.9999,-6.00E-04,0.0123,20.79,5.20E-04,0.5351644,0,TRUE,0,0,0,0.007874976
1565838785846,-10.692,0.156,-219.654,-4.00E-04,0.9999,-6.00E-04,0.0123,20.91,0.00102,0.50391394,0,TRUE,0,0,0,0.006384205
1565838785987,-10.698,0.156,-219.421,-5.00E-04,0.9999,-6.00E-04,0.0123,21,6.90E-04,0.5703212,0,TRUE,0,0,0,0.004563924
1565838786125,-10.704,0.156,-219.187,-4.00E-04,0.9999,-6.00E-04,0.0123,21.12,-3.70E-04,0.62500954,0,TRUE,0,0,0,0.006191795
1565838786244,-10.709,0.156,-218.951,-4.00E-04,0.9999,-6.00E-04,0.0123,21.27,-5.40E-04,0.6406348,0,TRUE,0,0,0,0.007415533
1565838786344,-10.715,0.156,-218.714,-4.00E-04,0.9999,-6.00E-04,0.0123,21.44,-5.40E-04,0.66407263,0,TRUE,0,0,0,0.011952226
1565838786434,-10.721,0.156,-218.474,-4.00E-04,0.9999,-6.00E-04,0.0123,21.62,-5.40E-04,0.67579156,0,TRUE,0,0,0,0.013883251
1565838786529,-10.727,0.156,-218.233,-4.00E-04,0.9999,-6.00E-04,0.0124,21.81,-5.40E-04,0.6836042,0,TRUE,0,0,0,0.013828224
1565838786618,-10.733,0.156,-217.989,-4.00E-04,0.9999,-6.00E-04,0.0124,22.01,-5.40E-04,0.6836042,0,TRUE,0,0,0,0.015343767
1565838786720,-10.74,0.156,-217.743,-4.00E-04,0.9999,-6.00E-04,0.0124,22.22,-6.50E-04,0.6836042,0,TRUE,0,0,0,0.016266575
1565838786862,-10.746,0.156,-217.495,-4.00E-04,0.9999,-6.00E-04,0.0125,22.43,-0.00142,0.67579156,0,TRUE,0,0,0,0.009936619
1565838786999,-10.752,0.156,-217.244,-4.00E-04,0.9999,-6.00E-04,0.0125,22.64,-0.00192,0.66797894,0,TRUE,0,0,0,0.010174908
1565838787137,-10.759,0.156,-216.991,-4.00E-04,0.9999,-6.00E-04,0.0126,22.84,-0.00147,0.62891585,0,TRUE,0,0,0,0.011133949
1565838787274,-10.765,0.156,-216.736,-4.00E-04,0.9999,-6.00E-04,0.0127,23.03,-3.20E-04,0.55078965,0,TRUE,0,0,0,0.00906258
1565838787394,-10.772,0.156,-216.479,-4.00E-04,0.9999,-6.00E-04,0.0128,23.18,-2.90E-04,0.4682536,0,TRUE,0,0,0,0.009454265
1565838787509,-10.779,0.156,-216.221,-4.00E-04,0.9999,-6.00E-04,0.0128,23.28,-3.20E-04,0.5195392,0,TRUE,0,0,0,0.006550881
1565838787628,-10.785,0.156,-215.962,-4.00E-04,0.9999,-6.00E-04,0.0128,23.39,-3.20E-04,0.58594644,0,TRUE,0,0,0,0.005946518
1565838787731,-10.792,0.156,-215.701,-4.00E-04,0.9999,-6.00E-04,0.0128,23.54,-3.30E-04,0.6132906,0,TRUE,0,0,0,0.010845581
1565838787865,-10.799,0.156,-215.438,-4.00E-04,0.9999,-6.00E-04,0.0128,23.71,-5.50E-04,0.62891585,0,TRUE,0,0,0,0.009376112
1565838787955,-10.806,0.156,-215.174,-4.00E-04,0.9999,-6.00E-04,0.0129,23.9,-5.90E-04,0.63282216,0,TRUE,0,0,0,0.015543078
1565838788057,-10.813,0.156,-214.907,-4.00E-04,0.9999,-6.00E-04,0.0129,24.1,-4.70E-04,0.63282216,0,TRUE,0,0,0,0.014274714
1565838788197,-10.82,0.156,-214.638,-4.00E-04,0.9999,-6.00E-04,0.0129,24.3,8.80E-04,0.6171969,0,TRUE,0,0,0,0.01032282
1565838788335,-10.827,0.156,-214.366,-4.00E-04,0.9999,-6.00E-04,0.0129,24.49,0.00257,0.5781338,0,TRUE,0,0,0,0.009839016
1565838788432,-10.833,0.156,-214.093,-5.00E-04,0.9999,-6.00E-04,0.0129,24.67,0.00265,0.5742275,0,TRUE,0,0,0,0.011327347
1565838788520,-10.84,0.156,-213.818,-5.00E-04,0.9999,-6.00E-04,0.0127,24.83,0.00265,0.5742275,0,TRUE,0,0,0,0.012851173
1565838788614,-10.847,0.156,-213.541,-4.00E-04,0.9999,-6.00E-04,0.0126,25,0.00265,0.5742275,0,TRUE,0,0,0,0.012691348
1565838788707,-10.854,0.156,-213.262,-4.00E-04,0.9999,-6.00E-04,0.0125,25.17,0.0026,0.5742275,0,TRUE,0,0,0,0.012735269
1565838788844,-10.86,0.156,-212.981,-4.00E-04,0.9999,-6.00E-04,0.0123,25.34,0.00252,0.5625086,0,TRUE,0,0,0,0.007357921
1565838788942,-10.867,0.156,-212.698,-4.00E-04,0.9999,-6.00E-04,0.0122,25.51,0.00253,0.55469596,0,TRUE,0,0,0,0.011914893
1565838789078,-10.874,0.156,-212.414,-4.00E-04,0.9999,-6.00E-04,0.0121,25.67,0.00336,0.5664149,0,TRUE,0,0,0,0.008052475
1565838789216,-10.88,0.156,-212.127,-4.00E-04,0.9999,-6.00E-04,0.0119,25.84,0.00411,0.6171969,0,TRUE,0,0,0,0.007152793
1565838789316,-10.886,0.156,-211.839,-5.00E-04,0.9999,-6.00E-04,0.0117,26.03,0.00411,0.6445411,0,TRUE,0,0,0,0.010992434
1565838789449,-10.893,0.156,-211.548,-5.00E-04,0.9999,-6.00E-04,0.0115,26.26,0.00384,0.67579156,0,TRUE,0,0,0,0.011551806
1565838789586,-10.899,0.156,-211.255,-4.00E-04,0.9999,-6.00E-04,0.0113,26.5,0.00313,0.6914168,0,TRUE,0,0,0,0.009963661
1565838789675,-10.905,0.156,-210.959,-4.00E-04,0.9999,-7.00E-04,0.0111,26.76,0.00311,0.6875105,0,TRUE,0,0,0,0.016444186
1565838789757,-10.911,0.156,-210.659,-4.00E-04,0.9999,-7.00E-04,0.0109,27.02,0.00311,0.6875105,0,TRUE,0,0,0,0.017613012
1565838789844,-10.918,0.156,-210.357,-4.00E-04,0.9999,-7.00E-04,0.0108,27.28,0.00311,0.6953231,0,TRUE,0,0,0,0.019236308
1565838789930,-10.924,0.156,-210.052,-4.00E-04,0.9999,-7.00E-04,0.0106,27.55,0.00313,0.6953231,0,TRUE,0,0,0,0.017151687
1565838790014,-10.93,0.156,-209.745,-4.00E-04,0.9999,-7.00E-04,0.0104,27.82,0.00313,0.6953231,0,TRUE,0,0,0,0.017447794
1565838790100,-10.936,0.156,-209.434,-4.00E-04,0.9999,-7.00E-04,0.0103,28.09,0.00313,0.6953231,0,TRUE,0,0,0,0.0168212
1565838790187,-10.942,0.156,-209.12,-4.00E-04,0.9999,-7.00E-04,0.0101,28.36,0.00313,0.6953231,0,TRUE,0,0,0,0.016470546
1565838790273,-10.948,0.156,-208.803,-4.00E-04,1,-7.00E-04,0.0099,28.63,0.00313,0.6914168,0,TRUE,0,0,0,0.016502183
1565838790358,-10.954,0.156,-208.483,-4.00E-04,1,-7.00E-04,0.0097,28.91,0.00313,0.6953231,0,TRUE,0,0,0,0.017155796
1565838790476,-10.959,0.156,-208.159,-4.00E-04,1,-7.00E-04,0.0095,29.18,0.00291,0.6953231,0,TRUE,0,0,0,0.009805585
1565838790611,-10.965,0.156,-207.833,-4.00E-04,1,-7.00E-04,0.0094,29.46,0.00229,0.6992294,0,TRUE,0,0,0,0.010602594
1565838790749,-10.971,0.156,-207.504,-4.00E-04,1,-7.00E-04,0.0092,29.73,0.00279,0.6914168,0,TRUE,0,0,0,0.009909267
1565838790885,-10.977,0.156,-207.172,-4.00E-04,1,-7.00E-04,0.0091,30.01,0.00357,0.6914168,0,TRUE,0,0,0,0.010334668
1565838790971,-10.982,0.156,-206.836,-5.00E-04,1,-7.00E-04,0.0089,30.28,0.00357,0.6953231,0,TRUE,0,0,0,0.012976514
1565838791086,-10.988,0.156,-206.498,-5.00E-04,1,-7.00E-04,0.0086,30.55,0.00344,0.70704204,0,TRUE,0,0,0,0.011574415
1565838791233,-10.993,0.156,-206.157,-5.00E-04,1,-7.00E-04,0.0084,30.83,0.00304,0.7226673,0,TRUE,0,0,0,0.007757357
1565838791366,-10.998,0.156,-205.812,-4.00E-04,1,-7.00E-04,0.0082,31.12,0.00261,0.7226673,0,TRUE,0,0,0,0.00877726
1565838791490,-11.004,0.156,-205.464,-4.00E-04,1,-7.00E-04,0.008,31.41,0.00261,0.7304799,0,TRUE,0,0,0,0.011198462
1565838791597,-11.009,0.156,-205.113,-4.00E-04,1,-7.00E-04,0.0079,31.71,0.00261,0.7656214,0,TRUE,0,0,0,0.011093413
1565838791717,-11.014,0.156,-204.759,-4.00E-04,1,-7.00E-04,0.0077,32.01,0.00261,0.8281224,0,TRUE,0,0,0,0.00980765
1565838791814,-11.019,0.156,-204.401,-4.00E-04,1,-7.00E-04,0.0075,32.36,0.00261,0.85937285,0,TRUE,0,0,0,0.013997457
1565838791907,-11.024,0.156,-204.038,-4.00E-04,1,-7.00E-04,0.0074,32.72,0.00261,0.8789044,0,TRUE,0,0,0,0.014809555
1565838791995,-11.029,0.156,-203.672,-4.00E-04,1,-7.00E-04,0.0072,33.09,0.00261,0.886717,0,TRUE,0,0,0,0.015954265
1565838792084,-11.034,0.156,-203.302,-4.00E-04,1,-7.00E-04,0.007,33.47,0.00261,0.8945296,0,TRUE,0,0,0,0.01602642
1565838792172,-11.039,0.156,-202.927,-4.00E-04,1,-7.00E-04,0.0069,33.84,0.00261,0.90624857,0,TRUE,0,0,0,0.015568348
1565838792263,-11.043,0.156,-202.549,-4.00E-04,1,-7.00E-04,0.0067,34.22,0.00261,0.9101549,0,TRUE,0,0,0,0.012275805
1565838792355,-11.048,0.156,-202.166,-4.00E-04,1,-7.00E-04,0.0065,34.59,0.00261,0.90624857,0,TRUE,0,0,0,0.014583418
1565838792445,-11.053,0.156,-201.779,-5.00E-04,1,-7.00E-04,0.0063,34.95,0.00261,0.9140612,0,TRUE,0,0,0,0.014354839
1565838792530,-11.057,0.156,-201.388,-5.00E-04,1,-7.00E-04,0.0062,35.31,0.00261,0.9179675,0,TRUE,0,0,0,0.012033824
1565838792616,-11.062,0.156,-200.993,-5.00E-04,1,-7.00E-04,0.006,35.66,0.00261,0.9140612,0,TRUE,0,0,0,0.014308976
1565838792705,-11.066,0.156,-200.595,-5.00E-04,1,-7.00E-04,0.0058,36,0.00261,0.9179675,0,TRUE,0,0,0,0.010663888
1565838792791,-11.07,0.156,-200.193,-5.00E-04,1,-7.00E-04,0.0056,36.3,0.00261,0.91796744,0,TRUE,0,0,0,0.009640321
1565838792875,-11.074,0.156,-199.787,-5.00E-04,1,-7.00E-04,0.0054,36.54,0.00261,0.9140612,0,TRUE,0,0,0,0.007820373
1565838792959,-11.078,0.156,-199.38,-5.00E-04,1,-6.00E-04,0.0052,36.75,0.00261,0.9140612,0,TRUE,0,0,0,0.006824192
1565838793043,-11.082,0.156,-198.97,-5.00E-04,1,-6.00E-04,0.005,36.94,0.00261,0.9140612,0,TRUE,0,0,0,0.006128988
1565838793126,-11.085,0.156,-198.558,-5.00E-04,1,-6.00E-04,0.0048,37.15,0.00261,0.9140612,0,TRUE,0,0,0,0.005117904
1565838793210,-11.089,0.156,-198.144,-5.00E-04,1,-6.00E-04,0.0046,37.35,0.00261,0.9140612,0,TRUE,0,0,0,0.006389222
1565838793297,-11.092,0.156,-197.728,-5.00E-04,1,-6.00E-04,0.0044,37.56,0.00261,0.9140612,0,TRUE,0,0,0,0.004835678
1565838793382,-11.095,0.156,-197.309,-5.00E-04,1,-6.00E-04,0.0042,37.76,0.00261,0.91015494,0,TRUE,0,0,0,0.004679989
1565838793466,-11.098,0.156,-196.888,-5.00E-04,1,-6.00E-04,0.004,37.97,0.00261,0.9101549,0,TRUE,0,0,0,0.004947271
1565838793549,-11.101,0.156,-196.464,-5.00E-04,1,-6.00E-04,0.0038,38.18,0.00261,0.91015494,0,TRUE,0,0,0,0.004973053
1565838793636,-11.104,0.156,-196.039,-5.00E-04,1,-6.00E-04,0.0036,38.39,0.00261,0.9140612,0,TRUE,0,0,0,0.004733164
1565838793721,-11.107,0.156,-195.61,-5.00E-04,1,-6.00E-04,0.0034,38.61,0.00261,0.9140612,0,TRUE,0,0,0,0.005027982
1565838793806,-11.109,0.156,-195.18,-5.00E-04,1,-6.00E-04,0.0032,38.83,0.00261,0.9140612,0,TRUE,0,0,0,0.003343651
1565838793893,-11.111,0.156,-194.747,-5.00E-04,1,-6.00E-04,0.003,39.05,0.00261,0.9140612,0,TRUE,0,0,0,0.003244167
1565838793981,-11.113,0.156,-194.311,-5.00E-04,1,-6.00E-04,0.0028,39.27,0.00261,0.9140612,0,TRUE,0,0,0,0.003185356
1565838794067,-11.115,0.156,-193.873,-5.00E-04,1,-6.00E-04,0.0026,39.5,0.00261,0.9140612,0,TRUE,0,0,0,0.003391895
1565838794182,-11.117,0.156,-193.433,-5.00E-04,1,-6.00E-04,0.0024,39.73,0.00242,0.9140612,0,TRUE,0,0,0,0.002525025
1565838794337,-11.119,0.156,-192.99,-5.00E-04,1,-6.00E-04,0.0022,39.96,0.00171,0.9101549,0,TRUE,0,0,0,0.001861645
1565838794449,-11.12,0.156,-192.544,-4.00E-04,1,-6.00E-04,0.002,40.19,0.00149,0.9101549,0,TRUE,0,0,0,0.0012783
1565838794536,-11.122,0.156,-192.096,-4.00E-04,1,-6.00E-04,0.0019,40.42,0.00149,0.9140612,0,TRUE,0,0,0,0.003277997
1565838794619,-11.123,0.156,-191.645,-4.00E-04,1,-6.00E-04,0.0018,40.66,0.00149,0.9140612,0,TRUE,0,0,0,0.001781732
1565838794705,-11.124,0.156,-191.192,-4.00E-04,1,-6.00E-04,0.0016,40.9,0.00149,0.9140612,0,TRUE,0,0,0,0.001710301
1565838794791,-11.126,0.156,-190.736,-4.00E-04,1,-6.00E-04,0.0015,41.14,0.00149,0.9179675,0,TRUE,0,0,0,0.003401218
1565838794880,-11.127,0.156,-190.277,-4.00E-04,1,-6.00E-04,0.0014,41.39,0.00149,0.9101549,0,TRUE,0,0,0,0.001699008
1565838794968,-11.128,0.156,-189.815,-4.00E-04,1,-6.00E-04,0.0013,41.63,0.00149,0.9140612,0,TRUE,0,0,0,0.001640479
1565838795054,-11.128,0.156,-189.351,-4.00E-04,1,-6.00E-04,0.0011,41.88,0.00149,0.9179675,0,TRUE,0,0,0,0
1565838795141,-11.129,0.156,-188.884,-4.00E-04,1,-6.00E-04,0.001,42.14,0.00149,0.91796756,0,TRUE,0,0,0,0.001776629
1565838795229,-11.13,0.156,-188.414,-4.00E-04,1,-6.00E-04,9.00E-04,42.39,0.00149,0.9218738,0,TRUE,0,0,0,0.001679695
1565838795318,-11.13,0.156,-187.941,-5.00E-04,1,-7.00E-04,8.00E-04,42.65,0.00149,0.9218738,0,TRUE,0,0,0,0
1565838795406,-11.131,0.156,-187.465,-5.00E-04,1,-7.00E-04,7.00E-04,42.92,0.00149,0.9218738,0,TRUE,0,0,0,0.001789487
1565838795496,-11.131,0.156,-186.986,-5.00E-04,1,-7.00E-04,5.00E-04,43.18,0.00149,0.9218738,0,TRUE,0,0,0,0
1565838795589,-11.131,0.156,-186.505,-5.00E-04,1,-7.00E-04,4.00E-04,43.45,0.00149,0.9218738,0,TRUE,0,0,0,0
1565838795681,-11.131,0.156,-186.02,-5.00E-04,1,-7.00E-04,3.00E-04,43.73,0.00149,0.9218738,0,TRUE,0,0,0,0
1565838795770,-11.131,0.156,-185.532,-5.00E-04,1,-7.00E-04,1.00E-04,44,0.00149,0.9218738,0,TRUE,0,0,0,0
1565838795864,-11.131,0.156,-185.041,-5.00E-04,1,-7.00E-04,0,44.28,0.00149,0.9218738,0,TRUE,0,0,0,0
1565838795966,-11.131,0.156,-184.547,-5.00E-04,1,-7.00E-04,-1.00E-04,44.56,0.00149,0.9218738,0,TRUE,0,0,0,0
1565838796066,-11.13,0.156,-184.05,-5.00E-04,1,-7.00E-04,-2.00E-04,44.84,0.00149,0.9218738,0,TRUE,0,0,0,0.001564094
1565838796156,-11.13,0.156,-183.55,-5.00E-04,1,-7.00E-04,-4.00E-04,45.13,0.00149,0.9218738,0,TRUE,0,0,0,0
1565838796254,-11.129,0.156,-183.046,-5.00E-04,1,-7.00E-04,-5.00E-04,45.42,0.00149,0.9179675,0,TRUE,0,0,0,0.00163159
1565838796367,-11.128,0.156,-182.54,-5.00E-04,1,-7.00E-04,-6.00E-04,45.71,0.00146,0.9179675,0,TRUE,0,0,0,0.00140805
1565838796517,-11.127,0.156,-182.03,-5.00E-04,1,-7.00E-04,-8.00E-04,46,0.00119,0.9179675,0,TRUE,0,0,0,0.001053452
1565838796672,-11.126,0.156,-181.516,-4.00E-04,1,-7.00E-04,-9.00E-04,46.29,6.90E-04,0.9179675,0,TRUE,0,0,0,0.001010576
1565838796773,-11.125,0.156,-181,-4.00E-04,1,-7.00E-04,-0.001,46.59,6.20E-04,0.9179675,0,TRUE,0,0,0,0.001599617
1565838796865,-11.124,0.156,-180.48,-4.00E-04,1,-7.00E-04,-0.001,46.89,6.20E-04,0.9101549,0,TRUE,0,0,0,0.0017426
1565838796955,-11.122,0.156,-179.957,-4.00E-04,1,-7.00E-04,-0.0011,47.19,6.20E-04,0.9101549,0,TRUE,0,0,0,0.003540569
1565838797056,-11.121,0.156,-179.43,-4.00E-04,1,-7.00E-04,-0.0011,47.5,5.70E-04,0.91015494,0,TRUE,0,0,0,0.0016169
1565838797157,-11.12,0.156,-178.9,-4.00E-04,1,-7.00E-04,-0.0012,47.8,4.90E-04,0.9101549,0,TRUE,0,0,0,0.001557386
1565838797249,-11.118,0.156,-178.367,-4.00E-04,1,-7.00E-04,-0.0012,48.11,4.90E-04,0.9101549,0,TRUE,0,0,0,0.003511964
1565838797344,-11.117,0.156,-177.83,-4.00E-04,1,-7.00E-04,-0.0013,48.42,4.90E-04,0.9101548,0,TRUE,0,0,0,0.001688615
1565838797434,-11.116,0.156,-177.29,-4.00E-04,1,-7.00E-04,-0.0013,48.73,4.90E-04,0.9101549,0,TRUE,0,0,0,0.001770837
1565838797521,-11.114,0.156,-176.746,-4.00E-04,1,-7.00E-04,-0.0013,49.05,4.90E-04,0.91015494,0,TRUE,0,0,0,0.003756053
1565838797611,-11.112,0.156,-176.199,-4.00E-04,1,-7.00E-04,-0.0014,49.36,4.90E-04,0.91015494,0,TRUE,0,0,0,0.003498076
1565838797699,-11.111,0.156,-175.649,-4.00E-04,1,-7.00E-04,-0.0014,49.68,4.90E-04,0.9101548,0,TRUE,0,0,0,0.001837275
1565838797825,-11.109,0.156,-175.094,-4.00E-04,1,-7.00E-04,-0.0014,50,4.90E-04,0.9101549,0,TRUE,0,0,0,0.002541986
1565838797916,-11.107,0.156,-174.536,-4.00E-04,1,-7.00E-04,-0.0015,50.33,4.90E-04,0.9101549,0,TRUE,0,0,0,0.003610231
1565838798015,-11.106,0.156,-173.975,-4.00E-04,1,-7.00E-04,-0.0015,50.66,4.90E-04,0.9101549,0,TRUE,0,0,0,0.001651178
1565838798105,-11.104,0.156,-173.41,-4.00E-04,1,-7.00E-04,-0.0016,50.98,4.90E-04,0.9101548,0,TRUE,0,0,0,0.003495828
1565838798193,-11.102,0.156,-172.841,-4.00E-04,1,-7.00E-04,-0.0016,51.32,4.90E-04,0.9101549,0,TRUE,0,0,0,0.003772049
1565838798281,-11.1,0.156,-172.268,-4.00E-04,1,-7.00E-04,-0.0016,51.65,4.90E-04,0.9101549,0,TRUE,0,0,0,0.003635582
1565838798377,-11.098,0.156,-171.692,-4.00E-04,1,-7.00E-04,-0.0017,51.98,4.90E-04,0.9101549,0,TRUE,0,0,0,0.003316768
1565838798466,-11.096,0.156,-171.112,-4.00E-04,1,-7.00E-04,-0.0017,52.32,4.90E-04,0.9101549,0,TRUE,0,0,0,0.003658922
1565838798563,-11.094,0.156,-170.528,-4.00E-04,1,-7.00E-04,-0.0018,52.66,4.90E-04,0.9101548,0,TRUE,0,0,0,0.003334174
1565838798652,-11.091,0.156,-169.941,-4.00E-04,1,-7.00E-04,-0.0018,53,4.90E-04,0.9101549,0,TRUE,0,0,0,0.005423723
1565838798744,-11.089,0.156,-169.349,-4.00E-04,1,-7.00E-04,-0.0018,53.34,4.90E-04,0.9101549,0,TRUE,0,0,0,0.003467901
1565838798832,-11.087,0.156,-168.754,-4.00E-04,1,-7.00E-04,-0.0019,53.69,4.90E-04,0.91015494,0,TRUE,0,0,0,0.003713293
1565838798921,-11.084,0.156,-168.155,-4.00E-04,1,-7.00E-04,-0.0019,54.04,4.90E-04,0.9101549,0,TRUE,0,0,0,0.005471491
1565838799010,-11.082,0.156,-167.552,-4.00E-04,1,-7.00E-04,-0.002,54.38,4.90E-04,0.9101548,0,TRUE,0,0,0,0.003519393
1565838799103,-11.079,0.156,-166.946,-4.00E-04,1,-7.00E-04,-0.002,54.73,4.90E-04,0.9101549,0,TRUE,0,0,0,0.005173941
1565838799193,-11.077,0.156,-166.335,-4.00E-04,1,-7.00E-04,-0.0021,55.08,4.90E-04,0.9101549,0,TRUE,0,0,0,0.003537474
1565838799282,-11.074,0.156,-165.72,-4.00E-04,1,-7.00E-04,-0.0021,55.44,4.90E-04,0.9179675,0,TRUE,0,0,0,0.005479522
1565838799369,-11.072,0.156,-165.102,-4.00E-04,1,-7.00E-04,-0.0021,55.79,4.90E-04,0.91796744,0,TRUE,0,0,0,0.003617984
1565838799458,-11.069,0.156,-164.48,-4.00E-04,1,-7.00E-04,-0.0022,56.15,4.90E-04,0.9101549,0,TRUE,0,0,0,0.005417883
1565838799547,-11.066,0.156,-163.853,-4.00E-04,1,-7.00E-04,-0.0022,56.51,4.90E-04,0.9101549,0,TRUE,0,0,0,0.00537642
1565838799639,-11.063,0.156,-163.223,-4.00E-04,1,-7.00E-04,-0.0023,56.87,4.90E-04,0.9101548,0,TRUE,0,0,0,0.005176466
1565838799729,-11.06,0.156,-162.588,-4.00E-04,1,-7.00E-04,-0.0023,57.22,4.90E-04,0.9101549,0,TRUE,0,0,0,0.005102246
1565838799817,-11.057,0.156,-161.95,-4.00E-04,1,-7.00E-04,-0.0024,57.58,4.90E-04,0.9101549,0,TRUE,0,0,0,0.005343811
1565838799912,-11.054,0.156,-161.308,-4.00E-04,1,-7.00E-04,-0.0024,57.94,4.90E-04,0.89843595,0,TRUE,0,0,0,0.00491918
1565838800019,-11.05,0.156,-160.661,-4.00E-04,1,-7.00E-04,-0.0025,58.3,4.90E-04,0.85937285,0,TRUE,0,0,0,0.005777378
1565838800135,-11.047,0.156,-160.011,-4.00E-04,1,-7.00E-04,-0.0025,58.64,4.90E-04,0.8007782,0,TRUE,0,0,0,0.003758059
1565838800259,-11.044,0.156,-159.357,-4.00E-04,1,-7.00E-04,-0.0025,58.94,4.90E-04,0.7226673,0,TRUE,0,0,0,0.003082959
1565838800394,-11.04,0.156,-158.7,-4.00E-04,1,-7.00E-04,-0.0026,59.21,4.90E-04,0.6211032,0,TRUE,0,0,0,0.003382088
1565838800505,-11.036,0.156,-158.041,-4.00E-04,1,-6.00E-04,-0.0026,59.42,4.90E-04,0.58594644,0,TRUE,0,0,0,0.003189549
1565838800601,-11.033,0.156,-157.38,-4.00E-04,1,-6.00E-04,-0.0027,59.59,4.90E-04,0.5781338,0,TRUE,0,0,0,0.00223273
1565838800691,-11.029,0.156,-156.716,-4.00E-04,1,-6.00E-04,-0.0028,59.76,4.90E-04,0.5742275,0,TRUE,0,0,0,0.003160464
1565838800790,-11.025,0.156,-156.051,-4.00E-04,1,-6.00E-04,-0.0028,59.93,4.90E-04,0.5703212,0,TRUE,0,0,0,0.002869547
1565838800880,-11.021,0.156,-155.384,-4.00E-04,1,-6.00E-04,-0.0029,60.1,4.90E-04,0.5664149,0,TRUE,0,0,0,0.003146294
1565838800979,-11.017,0.156,-154.715,-4.00E-04,1,-6.00E-04,-0.0029,60.26,4.90E-04,0.55078965,0,TRUE,0,0,0,0.002683937
1565838801075,-11.013,0.156,-154.044,-4.00E-04,1,-6.00E-04,-0.003,60.41,4.90E-04,0.5351644,0,TRUE,0,0,0,0.002587797
1565838801173,-11.009,0.156,-153.372,-4.00E-04,1,-6.00E-04,-0.003,60.56,4.90E-04,0.5195392,0,TRUE,0,0,0,0.002530525
1565838801270,-11.005,0.156,-152.698,-4.00E-04,1,-6.00E-04,-0.0031,60.69,4.90E-04,0.50391394,0,TRUE,0,0,0,0.002209141
1565838801381,-11.001,0.156,-152.023,-4.00E-04,1,-6.00E-04,-0.0032,60.82,4.90E-04,0.464271,0,TRUE,0,0,0,0.001927687
1565838801483,-10.996,0.156,-151.346,-4.00E-04,1,-6.00E-04,-0.0032,60.93,4.90E-04,0.4285649,0,TRUE,0,0,0,0.002212436
1565838801593,-10.992,0.156,-150.669,-4.00E-04,1,-6.00E-04,-0.0033,61.01,4.90E-04,0.39284354,0,TRUE,0,0,0,0.001193791
1565838801721,-10.987,0.156,-149.99,-4.00E-04,1,-5.00E-04,-0.0033,61.08,4.90E-04,0.3809415,0,TRUE,0,0,0,0.001118465
1565838801813,-10.982,0.156,-149.311,-4.00E-04,1,-5.00E-04,-0.0034,61.13,4.90E-04,0.3809415,0,TRUE,0,0,0,0.001111657
1565838801904,-10.978,0.156,-148.631,-4.00E-04,1,-5.00E-04,-0.0035,61.19,4.90E-04,0.39284354,0,TRUE,0,0,0,0.001077458
1565838801996,-10.973,0.156,-147.951,-4.00E-04,1,-5.00E-04,-0.0035,61.24,4.90E-04,0.39682615,0,TRUE,0,0,0,0.001110121
1565838802130,-10.968,0.156,-147.27,-4.00E-04,1,-5.00E-04,-0.0036,61.3,2.50E-04,0.42063022,0,TRUE,0,0,0,9.13E-04
1565838802271,-10.963,0.156,-146.588,-4.00E-04,1,-5.00E-04,-0.0036,61.38,-5.50E-04,0.4364996,0,TRUE,0,0,0,0.001155468
1565838802371,-10.958,0.156,-145.906,-4.00E-04,1,-5.00E-04,-0.0036,61.46,-6.40E-04,0.4364996,0,TRUE,0,0,0,0.001629168
1565838802462,-10.953,0.156,-145.222,-4.00E-04,1,-6.00E-04,-0.0035,61.54,-6.40E-04,0.4364996,0,TRUE,0,0,0,0.001785109
1565838802555,-10.949,0.156,-144.538,-4.00E-04,1,-6.00E-04,-0.0034,61.63,-6.40E-04,0.42459756,0,TRUE,0,0,0,0.001571879
1565838802644,-10.944,0.156,-143.853,-4.00E-04,1,-6.00E-04,-0.0034,61.71,-6.40E-04,0.42459756,0,TRUE,0,0,0,0.001822494
1565838802732,-10.94,0.156,-143.166,-4.00E-04,1,-5.00E-04,-0.0033,61.79,-6.40E-04,0.42459756,0,TRUE,0,0,0,0.001470567
1565838802820,-10.935,0.156,-142.479,-4.00E-04,1,-5.00E-04,-0.0032,61.86,-6.40E-04,0.42459756,0,TRUE,0,0,0,0.001607837
1565838802915,-10.931,0.156,-141.791,-4.00E-04,1,-5.00E-04,-0.0031,61.94,-6.50E-04,0.4285649,0,TRUE,0,0,0,0.001360151
1565838803024,-10.927,0.156,-141.103,-4.00E-04,1,-5.00E-04,-0.003,62.02,-7.60E-04,0.43253225,0,TRUE,0,0,0,0.001185227
1565838803123,-10.923,0.156,-140.413,-4.00E-04,1,-5.00E-04,-0.0029,62.1,-7.70E-04,0.43253225,0,TRUE,0,0,0,0.001301104
1565838803227,-10.919,0.156,-139.722,-4.00E-04,1,-6.00E-04,-0.0028,62.18,-7.70E-04,0.46030366,0,TRUE,0,0,0,0.001237127
1565838803338,-10.916,0.156,-139.031,-4.00E-04,1,-6.00E-04,-0.0027,62.28,-7.70E-04,0.5000076,0,TRUE,0,0,0,0.001086201
1565838803456,-10.912,0.156,-138.338,-4.00E-04,1,-6.00E-04,-0.0026,62.39,-7.70E-04,0.55469596,0,TRUE,0,0,0,0.001494847
1565838803562,-10.909,0.156,-137.643,-4.00E-04,1,-6.00E-04,-0.0025,62.54,-7.70E-04,0.58985275,0,TRUE,0,0,0,0.001696384
1565838803671,-10.906,0.156,-136.947,-4.00E-04,1,-6.00E-04,-0.0024,62.71,-7.70E-04,0.62891585,0,TRUE,0,0,0,0.001867503
1565838803769,-10.903,0.156,-136.249,-4.00E-04,1,-6.00E-04,-0.0023,62.9,-7.70E-04,0.6445411,0,TRUE,0,0,0,0.002314844
1565838803861,-10.9,0.156,-135.549,-4.00E-04,1,-6.00E-04,-0.0022,63.11,-7.70E-04,0.6484474,0,TRUE,0,0,0,0.002717601
1565838803952,-10.897,0.156,-134.846,-4.00E-04,1,-6.00E-04,-0.0021,63.32,-7.70E-04,0.6523537,0,TRUE,0,0,0,0.002734848
1565838804052,-10.894,0.156,-134.141,-4.00E-04,1,-6.00E-04,-0.0019,63.53,-7.70E-04,0.6601663,0,TRUE,0,0,0,0.002482498
1565838804142,-10.892,0.156,-133.434,-4.00E-04,1,-6.00E-04,-0.0018,63.74,-7.70E-04,0.6601663,0,TRUE,0,0,0,0.0018334
1565838804236,-10.889,0.156,-132.724,-4.00E-04,1,-6.00E-04,-0.0017,63.96,-7.70E-04,0.66407263,0,TRUE,0,0,0,0.002747133
1565838804328,-10.887,0.156,-132.012,-4.00E-04,1,-6.00E-04,-0.0016,64.18,-7.70E-04,0.66797894,0,TRUE,0,0,0,0.001865727
1565838804419,-10.885,0.156,-131.297,-4.00E-04,1,-6.00E-04,-0.0015,64.4,-7.70E-04,0.66797894,0,TRUE,0,0,0,0.00187834
1565838804507,-10.883,0.156,-130.58,-4.00E-04,1,-6.00E-04,-0.0014,64.62,-7.70E-04,0.66797894,0,TRUE,0,0,0,0.001936959
1565838804598,-10.881,0.156,-129.86,-4.00E-04,1,-6.00E-04,-0.0013,64.82,-7.70E-04,0.66797894,0,TRUE,0,0,0,0.001696486
1565838804686,-10.88,0.156,-129.139,-4.00E-04,1,-6.00E-04,-0.0011,64.99,-7.70E-04,0.66797894,0,TRUE,0,0,0,7.44E-04
1565838804775,-10.879,0.156,-128.416,-4.00E-04,1,-6.00E-04,-0.001,65.16,-7.70E-04,0.66797894,0,TRUE,0,0,0,7.34E-04
1565838804862,-10.877,0.156,-127.69,-4.00E-04,1,-6.00E-04,-9.00E-04,65.33,-7.70E-04,0.66797894,0,TRUE,0,0,0,0.001495148
1565838804952,-10.876,0.156,-126.963,-4.00E-04,1,-6.00E-04,-8.00E-04,65.5,-7.70E-04,0.66797894,0,TRUE,0,0,0,7.21E-04
1565838805041,-10.875,0.156,-126.234,-4.00E-04,1,-6.00E-04,-7.00E-04,65.67,-7.70E-04,0.66797894,0,TRUE,0,0,0,7.28E-04
1565838805130,-10.875,0.156,-125.503,-4.00E-04,1,-6.00E-04,-6.00E-04,65.84,-7.70E-04,0.66797894,0,TRUE,0,0,0,0
1565838805221,-10.874,0.156,-124.77,-4.00E-04,1,-6.00E-04,-5.00E-04,66.01,-7.70E-04,0.66797894,0,TRUE,0,0,0,7.08E-04
1565838805313,-10.874,0.156,-124.036,-4.00E-04,1,-6.00E-04,-3.00E-04,66.19,-7.70E-04,0.67188525,0,TRUE,0,0,0,0
1565838805402,-10.873,0.156,-123.299,-4.00E-04,1,-6.00E-04,-2.00E-04,66.36,-7.70E-04,0.67188525,0,TRUE,0,0,0,7.20E-04
1565838805492,-10.873,0.156,-122.56,-4.00E-04,1,-6.00E-04,-1.00E-04,66.53,-7.70E-04,0.67188525,0,TRUE,0,0,0,0
1565838805585,-10.873,0.156,-121.82,-4.00E-04,1,-6.00E-04,0,66.71,-7.70E-04,0.67579156,0,TRUE,0,0,0,0
1565838805676,-10.874,0.156,-121.077,-4.00E-04,1,-6.00E-04,1.00E-04,66.89,-7.70E-04,0.67579156,0,TRUE,0,0,0,7.39E-04
1565838805771,-10.874,0.156,-120.333,-4.00E-04,1,-6.00E-04,2.00E-04,67.07,-7.30E-04,0.67579156,0,TRUE,0,0,0,0
1565838805922,-10.875,0.156,-119.586,-4.00E-04,1,-6.00E-04,3.00E-04,67.24,-1.10E-04,0.67188525,0,TRUE,0,0,0,4.19E-04
1565838806062,-10.875,0.156,-118.838,-4.00E-04,1,-6.00E-04,4.00E-04,67.42,4.00E-04,0.6445411,0,TRUE,0,0,0,0
1565838806190,-10.876,0.156,-118.088,-4.00E-04,1,-6.00E-04,4.00E-04,67.59,4.00E-04,0.5586023,0,TRUE,0,0,0,4.92E-04
1565838806324,-10.876,0.156,-117.336,-4.00E-04,1,-6.00E-04,4.00E-04,67.72,4.00E-04,0.46030366,0,TRUE,0,0,0,0
1565838806446,-10.877,0.156,-116.582,-4.00E-04,1,-6.00E-04,3.00E-04,67.81,4.00E-04,0.37300676,0,TRUE,0,0,0,2.72E-04
1565838806569,-10.877,0.156,-115.829,-4.00E-04,1,-5.00E-04,3.00E-04,67.85,4.00E-04,0.29761195,0,TRUE,0,0,0,0
1565838806662,-10.877,0.156,-115.075,-4.00E-04,1,-5.00E-04,2.00E-04,67.85,4.00E-04,0.28570992,0,TRUE,0,0,0,0
1565838806751,-10.878,0.156,-114.321,-4.00E-04,1,-5.00E-04,1.00E-04,67.84,4.00E-04,0.28570992,0,TRUE,0,0,0,-4.14E-05
1565838806845,-10.878,0.156,-113.567,-4.00E-04,1,-5.00E-04,1.00E-04,67.82,4.00E-04,0.28967726,0,TRUE,0,0,0,0
1565838806942,-10.878,0.156,-112.813,-4.00E-04,1,-5.00E-04,0,67.81,4.00E-04,0.29761195,0,TRUE,0,0,0,0
1565838807030,-10.878,0.156,-112.06,-4.00E-04,1,-5.00E-04,0,67.8,4.00E-04,0.29761195,0,TRUE,0,0,0,0
1565838807120,-10.877,0.156,-111.307,-4.00E-04,1,-5.00E-04,-1.00E-04,67.8,4.00E-04,0.29761195,0,TRUE,0,0,0,0
1565838807211,-10.877,0.156,-110.553,-4.00E-04,1,-5.00E-04,-1.00E-04,67.79,4.00E-04,0.28967726,0,TRUE,0,0,0,0
1565838807303,-10.877,0.156,-109.8,-4.00E-04,1,-5.00E-04,-2.00E-04,67.78,4.00E-04,0.28570992,0,TRUE,0,0,0,0
1565838807390,-10.876,0.156,-109.047,-4.00E-04,1,-5.00E-04,-3.00E-04,67.76,4.00E-04,0.28570992,0,TRUE,0,0,0,-8.47E-05
1565838807480,-10.876,0.156,-108.294,-4.00E-04,1,-5.00E-04,-3.00E-04,67.75,4.00E-04,0.28570992,0,TRUE,0,0,0,0
1565838807571,-10.875,0.156,-107.541,-4.00E-04,1,-5.00E-04,-4.00E-04,67.74,4.00E-04,0.2936446,0,TRUE,0,0,0,-4.06E-05
1565838807669,-10.874,0.156,-106.789,-4.00E-04,1,-5.00E-04,-4.00E-04,67.72,4.00E-04,0.309514,0,TRUE,0,0,0,-7.54E-05
1565838807792,-10.874,0.156,-106.036,-4.00E-04,1,-5.00E-04,-5.00E-04,67.72,2.10E-04,0.31348133,0,TRUE,0,0,0,0
1565838807957,-10.873,0.156,-105.284,-4.00E-04,1,-5.00E-04,-5.00E-04,67.72,-2.50E-04,0.31744868,0,TRUE,0,0,0,0
1565838808097,-10.872,0.156,-104.531,-4.00E-04,1,-5.00E-04,-5.00E-04,67.72,-6.00E-04,0.341268,0,TRUE,0,0,0,0
1565838808192,-10.871,0.156,-103.779,-4.00E-04,1,-5.00E-04,-5.00E-04,67.73,-6.00E-04,0.3492027,0,TRUE,0,0,0,3.89E-05
1565838808280,-10.871,0.156,-103.026,-4.00E-04,1,-5.00E-04,-4.00E-04,67.75,-6.00E-04,0.3492027,0,TRUE,0,0,0,0
1565838808368,-10.87,0.156,-102.273,-4.00E-04,1,-5.00E-04,-3.00E-04,67.77,-6.00E-04,0.3492027,0,TRUE,0,0,0,8.39E-05
1565838808461,-10.87,0.156,-101.52,-4.00E-04,1,-5.00E-04,-2.00E-04,67.79,-6.00E-04,0.3492027,0,TRUE,0,0,0,0
1565838808553,-10.87,0.156,-100.766,-4.00E-04,1,-5.00E-04,-1.00E-04,67.8,-6.00E-04,0.341268,0,TRUE,0,0,0,0
1565838808641,-10.87,0.156,-100.013,-4.00E-04,1,-5.00E-04,0,67.82,-6.00E-04,0.341268,0,TRUE,0,0,0,0
1565838808731,-10.87,0.156,-99.259,-4.00E-04,1,-5.00E-04,0,67.83,-6.00E-04,0.341268,0,TRUE,0,0,0,0
1565838808823,-10.87,0.156,-98.505,-4.00E-04,1,-5.00E-04,1.00E-04,67.85,-6.00E-04,0.3492027,0,TRUE,0,0,0,0
1565838808922,-10.871,0.156,-97.751,-4.00E-04,1,-5.00E-04,2.00E-04,67.86,-6.70E-04,0.35317004,0,TRUE,0,0,0,3.72E-05
1565838809021,-10.871,0.156,-96.997,-4.00E-04,1,-5.00E-04,3.00E-04,67.88,-7.30E-04,0.35713738,0,TRUE,0,0,0,0
1565838809116,-10.872,0.156,-96.243,-4.00E-04,1,-5.00E-04,4.00E-04,67.9,-7.30E-04,0.36903942,0,TRUE,0,0,0,7.75E-05
1565838809206,-10.873,0.156,-95.488,-4.00E-04,1,-5.00E-04,5.00E-04,67.93,-7.30E-04,0.37300676,0,TRUE,0,0,0,1.23E-04
1565838809297,-10.874,0.156,-94.733,-4.00E-04,1,-5.00E-04,6.00E-04,67.96,-7.30E-04,0.37697417,0,TRUE,0,0,0,1.21E-04
1565838809387,-10.875,0.156,-93.978,-4.00E-04,1,-5.00E-04,7.00E-04,67.99,-7.30E-04,0.37697417,0,TRUE,0,0,0,1.23E-04
1565838809478,-10.876,0.156,-93.222,-4.00E-04,1,-5.00E-04,8.00E-04,68.02,-7.30E-04,0.37300676,0,TRUE,0,0,0,1.21E-04
1565838809565,-10.878,0.156,-92.466,-4.00E-04,1,-5.00E-04,9.00E-04,68.05,-7.30E-04,0.37300676,0,TRUE,0,0,0,2.53E-04
1565838809659,-10.88,0.156,-91.709,-4.00E-04,1,-5.00E-04,0.001,68.08,-7.30E-04,0.3809415,0,TRUE,0,0,0,2.34E-04
1565838809749,-10.881,0.156,-90.953,-4.00E-04,1,-5.00E-04,0.0011,68.12,-7.30E-04,0.3809415,0,TRUE,0,0,0,1.63E-04
1565838809838,-10.883,0.156,-90.195,-4.00E-04,1,-5.00E-04,0.0012,68.15,-7.30E-04,0.3809415,0,TRUE,0,0,0,2.47E-04
1565838809928,-10.886,0.156,-89.438,-4.00E-04,1,-5.00E-04,0.0014,68.19,-7.30E-04,0.3809415,0,TRUE,0,0,0,4.89E-04
1565838810029,-10.888,0.156,-88.68,-4.00E-04,1,-5.00E-04,0.0015,68.22,-7.30E-04,0.3809415,0,TRUE,0,0,0,2.18E-04
1565838810121,-10.89,0.156,-87.922,-4.00E-04,1,-5.00E-04,0.0016,68.25,-7.30E-04,0.3809415,0,TRUE,0,0,0,2.39E-04
1565838810209,-10.893,0.156,-87.163,-4.00E-04,1,-5.00E-04,0.0017,68.29,-7.30E-04,0.3809415,0,TRUE,0,0,0,4.99E-04
1565838810298,-10.896,0.156,-86.404,-4.00E-04,1,-5.00E-04,0.0018,68.32,-7.30E-04,0.3809415,0,TRUE,0,0,0,3.70E-04
1565838810391,-10.899,0.156,-85.644,-4.00E-04,1,-5.00E-04,0.0019,68.36,-7.30E-04,0.3809415,0,TRUE,0,0,0,4.72E-04
1565838810482,-10.902,0.156,-84.885,-4.00E-04,1,-5.00E-04,0.002,68.39,-7.30E-04,0.3809415,0,TRUE,0,0,0,3.62E-04
1565838810572,-10.905,0.156,-84.124,-4.00E-04,1,-5.00E-04,0.0021,68.43,-7.20E-04,0.3809415,0,TRUE,0,0,0,4.87E-04
1565838810663,-10.908,0.156,-83.364,-4.00E-04,1,-5.00E-04,0.0022,68.46,-7.20E-04,0.3809415,0,TRUE,0,0,0,3.61E-04
1565838810754,-10.912,0.156,-82.603,-4.00E-04,1,-5.00E-04,0.0023,68.49,-7.20E-04,0.37697417,0,TRUE,0,0,0,4.81E-04
1565838810848,-10.916,0.156,-81.842,-4.00E-04,1,-5.00E-04,0.0024,68.53,-7.20E-04,0.3809415,0,TRUE,0,0,0,6.21E-04
1565838810941,-10.92,0.156,-81.08,-4.00E-04,1,-5.00E-04,0.0025,68.56,-6.80E-04,0.3809415,0,TRUE,0,0,0,4.70E-04
1565838811085,-10.924,0.156,-80.318,-4.00E-04,1,-5.00E-04,0.0026,68.6,-2.50E-04,0.3809415,0,TRUE,0,0,0,4.05E-04
1565838811199,-10.928,0.156,-79.555,-4.00E-04,1,-5.00E-04,0.0027,68.63,-1.00E-04,0.37300676,0,TRUE,0,0,0,3.83E-04
1565838811289,-10.932,0.156,-78.793,-4.00E-04,1,-5.00E-04,0.0027,68.66,-1.00E-04,0.37300676,0,TRUE,0,0,0,4.86E-04
1565838811377,-10.936,0.156,-78.029,-4.00E-04,1,-5.00E-04,0.0027,68.69,-1.00E-04,0.37300676,0,TRUE,0,0,0,4.96E-04
1565838811466,-10.941,0.156,-77.266,-4.00E-04,1,-5.00E-04,0.0028,68.72,-1.00E-04,0.37300676,0,TRUE,0,0,0,6.14E-04
1565838811556,-10.945,0.156,-76.502,-4.00E-04,1,-5.00E-04,0.0028,68.75,-1.00E-04,0.37697417,0,TRUE,0,0,0,4.85E-04
1565838811649,-10.949,0.156,-75.738,-4.00E-04,1,-5.00E-04,0.0028,68.79,-1.00E-04,0.3809415,0,TRUE,0,0,0,6.26E-04
1565838811756,-10.953,0.156,-74.973,-4.00E-04,1,-5.00E-04,0.0028,68.82,-1.00E-04,0.42459756,0,TRUE,0,0,0,4.07E-04
1565838811859,-10.958,0.156,-74.208,-4.00E-04,1,-5.00E-04,0.0028,68.87,-1.00E-04,0.46030366,0,TRUE,0,0,0,8.81E-04
1565838811956,-10.962,0.156,-73.442,-4.00E-04,1,-5.00E-04,0.0028,68.94,-1.00E-04,0.48015565,0,TRUE,0,0,0,0.001046686
1565838812058,-10.966,0.156,-72.676,-4.00E-04,1,-5.00E-04,0.0029,69.03,-1.00E-04,0.5000076,0,TRUE,0,0,0,0.001279725
1565838812152,-10.971,0.156,-71.908,-4.00E-04,1,-6.00E-04,0.0029,69.12,-1.00E-04,0.51172656,0,TRUE,0,0,0,0.001731561
1565838812243,-10.975,0.156,-71.139,-4.00E-04,1,-6.00E-04,0.0029,69.22,-1.00E-04,0.51563287,0,TRUE,0,0,0,0.001588002
1565838812337,-10.98,0.156,-70.37,-4.00E-04,1,-6.00E-04,0.0029,69.32,-1.00E-04,0.5234455,0,TRUE,0,0,0,0.001920995
1565838812430,-10.984,0.156,-69.599,-4.00E-04,1,-6.00E-04,0.0029,69.43,-1.00E-04,0.5273518,0,TRUE,0,0,0,0.001704824
1565838812523,-10.989,0.156,-68.826,-4.00E-04,1,-6.00E-04,0.003,69.54,-1.00E-04,0.5312581,0,TRUE,0,0,0,0.002125199
1565838812611,-10.994,0.156,-68.053,-4.00E-04,1,-6.00E-04,0.003,69.65,-1.00E-04,0.5312581,0,TRUE,0,0,0,0.002245971
1565838812706,-10.998,0.156,-67.278,-4.00E-04,1,-6.00E-04,0.003,69.76,-1.00E-04,0.5312581,0,TRUE,0,0,0,0.001659928
1565838812796,-11.003,0.156,-66.502,-4.00E-04,1,-6.00E-04,0.003,69.87,-1.00E-04,0.5312581,0,TRUE,0,0,0,0.002187554
1565838812886,-11.008,0.156,-65.725,-4.00E-04,1,-6.00E-04,0.003,69.98,-1.00E-04,0.5312581,0,TRUE,0,0,0,0.00218474
1565838812976,-11.012,0.156,-64.947,-4.00E-04,1,-6.00E-04,0.0031,70.1,-1.00E-04,0.5351644,0,TRUE,0,0,0,0.001903978
1565838813066,-11.017,0.156,-64.167,-4.00E-04,1,-6.00E-04,0.0031,70.21,-1.00E-04,0.5351644,0,TRUE,0,0,0,0.002176342
1565838813156,-11.022,0.156,-63.386,-4.00E-04,1,-6.00E-04,0.0031,70.33,-1.00E-04,0.5351644,0,TRUE,0,0,0,0.002371195
1565838813243,-11.027,0.156,-62.604,-4.00E-04,1,-6.00E-04,0.0031,70.44,-1.00E-04,0.5351644,0,TRUE,0,0,0,0.002245623
1565838813332,-11.032,0.156,-61.82,-4.00E-04,1,-6.00E-04,0.0031,70.56,-1.00E-04,0.5351644,0,TRUE,0,0,0,0.002388048
1565838813424,-11.037,0.156,-61.035,-4.00E-04,1,-6.00E-04,0.0032,70.67,-1.00E-04,0.5351644,0,TRUE,0,0,0,0.002115468
1565838813513,-11.042,0.156,-60.249,-4.00E-04,1,-6.00E-04,0.0032,70.79,-1.00E-04,0.5351644,0,TRUE,0,0,0,0.002382581
1565838813603,-11.047,0.156,-59.462,-4.00E-04,1,-6.00E-04,0.0032,70.9,-1.00E-04,0.5351644,0,TRUE,0,0,0,0.002156986
1565838813694,-11.052,0.156,-58.673,-4.00E-04,1,-6.00E-04,0.0032,71.02,-1.00E-04,0.5273518,0,TRUE,0,0,0,0.002321203
1565838813782,-11.057,0.156,-57.883,-4.00E-04,1,-6.00E-04,0.0032,71.13,-1.00E-04,0.5273518,0,TRUE,0,0,0,0.002197625
1565838813875,-11.062,0.156,-57.092,-4.00E-04,1,-6.00E-04,0.0033,71.24,-1.00E-04,0.51563287,0,TRUE,0,0,0,0.002076846
1565838813966,-11.067,0.156,-56.3,-4.00E-04,1,-6.00E-04,0.0033,71.35,-1.00E-04,0.5195392,0,TRUE,0,0,0,0.002119812
1565838814060,-11.073,0.156,-55.506,-4.00E-04,1,-6.00E-04,0.0033,71.46,-1.00E-04,0.51172656,0,TRUE,0,0,0,0.002456136
1565838814156,-11.078,0.156,-54.711,-4.00E-04,1,-6.00E-04,0.0033,71.57,-1.00E-04,0.50782025,0,TRUE,0,0,0,0.002001818
1565838814248,-11.083,0.156,-53.916,-4.00E-04,1,-6.00E-04,0.0033,71.67,-1.00E-04,0.5000076,0,TRUE,0,0,0,0.001898927
1565838814359,-11.089,0.156,-53.118,-4.00E-04,1,-6.00E-04,0.0034,71.77,-1.00E-04,0.45633632,0,TRUE,0,0,0,0.001881362
1565838814477,-11.094,0.156,-52.32,-4.00E-04,1,-6.00E-04,0.0034,71.85,-1.00E-04,0.3809415,0,TRUE,0,0,0,0.001180005
1565838814604,-11.099,0.156,-51.522,-4.00E-04,1,-5.00E-04,0.0034,71.9,-1.00E-04,0.309514,0,TRUE,0,0,0,6.85E-04
1565838814748,-11.105,0.156,-50.723,-4.00E-04,1,-5.00E-04,0.0034,71.9,-1.00E-04,0.18651104,0,TRUE,0,0,0,0
1565838814871,-11.11,0.156,-49.924,-4.00E-04,1,-5.00E-04,0.0034,71.83,-1.00E-04,0.123018205,0,TRUE,0,0,0,-9.89E-04
1565838815006,-11.116,0.156,-49.127,-4.00E-04,1,-5.00E-04,0.0034,71.73,-1.00E-04,0,0,TRUE,0,0,0,-0.001549083
1565838815096,-11.121,0.156,-48.33,-4.00E-04,1,-4.00E-04,0.0035,71.63,-1.00E-04,0,0,TRUE,0,0,0,-0.001936405
1565838815186,-11.127,0.156,-47.535,-4.00E-04,1,-4.00E-04,0.0035,71.53,-1.00E-04,0,0,TRUE,0,0,0,-0.002329097
1565838815283,-11.132,0.156,-46.741,-4.00E-04,1,-4.00E-04,0.0035,71.42,-1.00E-04,0,0,TRUE,0,0,0,-0.001983683
1565838815390,-11.138,0.156,-45.948,-4.00E-04,1,-4.00E-04,0.0035,71.32,-1.00E-04,0.071427464,0,TRUE,0,0,0,-0.001964001
1565838815496,-11.144,0.156,-45.156,-4.00E-04,1,-4.00E-04,0.0035,71.22,-1.00E-04,0.10316619,0,TRUE,0,0,0,-0.001985337
1565838815588,-11.149,0.156,-44.366,-4.00E-04,1,-4.00E-04,0.0035,71.12,-1.00E-04,0.10316622,0,TRUE,0,0,0,-0.001910948
1565838815682,-11.155,0.156,-43.576,-4.00E-04,1,-4.00E-04,0.0035,71.02,-1.00E-04,0.09919888,0,TRUE,0,0,0,-0.002244274
1565838815773,-11.16,0.156,-42.788,-4.00E-04,1,-4.00E-04,0.0035,70.92,-1.00E-04,0.09523153,0,TRUE,0,0,0,-0.001936838
1565838815869,-11.166,0.156,-42,-4.00E-04,1,-4.00E-04,0.0035,70.82,-1.00E-04,0.0952315,0,TRUE,0,0,0,-0.002203285
1565838815962,-11.172,0.156,-41.214,-4.00E-04,1,-4.00E-04,0.0036,70.72,-1.00E-04,0.09523153,0,TRUE,0,0,0,-0.00227978
1565838816050,-11.177,0.156,-40.429,-4.00E-04,1,-4.00E-04,0.0036,70.62,-1.00E-04,0.09523153,0,TRUE,0,0,0,-0.002010526
1565838816141,-11.183,0.156,-39.645,-4.00E-04,1,-4.00E-04,0.0036,70.52,-1.00E-04,0.09523153,0,TRUE,0,0,0,-0.002336003
1565838816230,-11.188,0.156,-38.862,-4.00E-04,1,-4.00E-04,0.0036,70.42,-1.00E-04,0.09523153,0,TRUE,0,0,0,-0.001993011
1565838816323,-11.194,0.156,-38.08,-4.00E-04,1,-4.00E-04,0.0036,70.32,-1.00E-04,0.09523153,0,TRUE,0,0,0,-0.002291809
1565838816413,-11.2,0.156,-37.3,-4.00E-04,1,-4.00E-04,0.0036,70.22,-1.00E-04,0.09523153,0,TRUE,0,0,0,-0.002373883
1565838816509,-11.205,0.156,-36.52,-4.00E-04,1,-4.00E-04,0.0036,70.12,-1.00E-04,0.09523153,0,TRUE,0,0,0,-0.001854799
1565838816598,-11.211,0.156,-35.742,-4.00E-04,1,-4.00E-04,0.0036,70.01,-1.00E-04,0.09523153,0,TRUE,0,0,0,-0.002647884
1565838816690,-11.217,0.156,-34.965,-4.00E-04,1,-4.00E-04,0.0036,69.91,-1.00E-04,0.10316619,0,TRUE,0,0,0,-0.002331249
1565838816778,-11.222,0.156,-34.188,-4.00E-04,1,-4.00E-04,0.0037,69.81,-1.00E-04,0.10316622,0,TRUE,0,0,0,-0.002031379
1565838816870,-11.228,0.156,-33.413,-4.00E-04,1,-4.00E-04,0.0037,69.71,-1.00E-04,0.09919885,0,TRUE,0,0,0,-0.002337261
1565838816959,-11.234,0.156,-32.639,-4.00E-04,1,-4.00E-04,0.0037,69.61,-1.00E-04,0.09919885,0,TRUE,0,0,0,-0.002419562
1565838817049,-11.24,0.156,-31.867,-4.00E-04,1,-4.00E-04,0.0037,69.51,-1.00E-04,0.09919888,0,TRUE,0,0,0,-0.002398491
1565838817147,-11.245,0.156,-31.095,-4.00E-04,1,-4.00E-04,0.0037,69.41,-1.00E-04,0.09919888,0,TRUE,0,0,0,-0.001835768
1565838817244,-11.251,0.156,-30.324,-4.00E-04,1,-4.00E-04,0.0037,69.31,-1.00E-04,0.09919888,0,TRUE,0,0,0,-0.002228813
1565838817354,-11.257,0.156,-29.555,-4.00E-04,1,-4.00E-04,0.0037,69.21,3.00E-05,0.10316622,0,TRUE,0,0,0,-0.001970058
1565838817496,-11.263,0.156,-28.787,-4.00E-04,1,-4.00E-04,0.0037,69.11,7.60E-04,0.10316622,0,TRUE,0,0,0,-0.001528087
1565838817595,-11.268,0.156,-28.019,-4.00E-04,1,-4.00E-04,0.0037,69.01,8.30E-04,0.10316622,0,TRUE,0,0,0,-0.001826688
1565838817683,-11.274,0.156,-27.253,-5.00E-04,1,-4.00E-04,0.0036,68.91,8.30E-04,0.10713357,0,TRUE,0,0,0,-0.00247261
1565838817773,-11.279,0.156,-26.488,-5.00E-04,1,-4.00E-04,0.0034,68.81,8.30E-04,0.10713357,0,TRUE,0,0,0,-0.002017396
1565838817884,-11.284,0.156,-25.725,-5.00E-04,1,-4.00E-04,0.0033,68.7,6.70E-04,0.10713357,0,TRUE,0,0,0,-0.001803912
1565838818009,-11.288,0.156,-24.962,-5.00E-04,1,-4.00E-04,0.0032,68.6,4.00E-04,0.10713357,0,TRUE,0,0,0,-0.001164873
1565838818098,-11.293,0.156,-24.2,-4.00E-04,1,-4.00E-04,0.0031,68.5,4.00E-04,0.10713357,0,TRUE,0,0,0,-0.002047939
1565838818186,-11.298,0.156,-23.44,-4.00E-04,1,-4.00E-04,0.003,68.4,4.00E-04,0.1071336,0,TRUE,0,0,0,-0.002076658
1565838818281,-11.302,0.156,-22.68,-4.00E-04,1,-4.00E-04,0.003,68.3,4.00E-04,0.10316622,0,TRUE,0,0,0,-0.001538778
1565838818375,-11.307,0.156,-21.922,-4.00E-04,1,-4.00E-04,0.0029,68.2,4.00E-04,0.10316619,0,TRUE,0,0,0,-0.001949386
1565838818508,-11.311,0.156,-21.165,-4.00E-04,1,-4.00E-04,0.0029,68.1,7.10E-04,0.10316619,0,TRUE,0,0,0,-0.001103484
1565838818651,-11.315,0.156,-20.409,-5.00E-04,1,-4.00E-04,0.0028,68,0.00146,0.10316622,0,TRUE,0,0,0,-0.001027674
1565838818798,-11.319,0.156,-19.654,-5.00E-04,1,-4.00E-04,0.0026,67.9,0.00189,0.10316622,0,TRUE,0,0,0,-0.001001272
1565838818926,-11.322,0.156,-18.9,-5.00E-04,1,-4.00E-04,0.0024,67.8,0.00213,0.10316622,0,TRUE,0,0,0,-8.63E-04
1565838819068,-11.325,0.156,-18.148,-5.00E-04,1,-4.00E-04,0.0021,67.7,0.00319,0.10316622,0,TRUE,0,0,0,-7.81E-04
1565838819217,-11.328,0.156,-17.396,-6.00E-04,1,-4.00E-04,0.0017,67.6,0.00381,0.10316622,0,TRUE,0,0,0,-7.44E-04
1565838819348,-11.329,0.156,-16.646,-6.00E-04,1,-4.00E-04,0.0012,67.5,0.00352,0.10316622,0,TRUE,0,0,0,-2.83E-04
1565838819498,-11.33,0.156,-15.896,-6.00E-04,1,-4.00E-04,7.00E-04,67.39,0.00252,0.10316622,0,TRUE,0,0,0,-2.71E-04
1565838819653,-11.33,0.156,-15.148,-6.00E-04,1,-4.00E-04,3.00E-04,67.29,0.00186,0.10316622,0,TRUE,0,0,0,0
1565838819798,-11.329,0.156,-14.401,-5.00E-04,1,-4.00E-04,0,67.19,0.00154,0.11111617,0,TRUE,0,0,0,-2.56E-04
1565838819887,-11.329,0.156,-13.655,-5.00E-04,1,-4.00E-04,-3.00E-04,67.09,0.00154,0.11111617,0,TRUE,0,0,0,0
1565838820000,-11.328,0.156,-12.91,-5.00E-04,1,-4.00E-04,-5.00E-04,66.99,0.00136,0.11111617,0,TRUE,0,0,0,-3.30E-04
1565838820144,-11.326,0.156,-12.167,-5.00E-04,1,-4.00E-04,-7.00E-04,66.89,7.50E-04,0.10713357,0,TRUE,0,0,0,-5.19E-04
1565838820294,-11.325,0.156,-11.424,-5.00E-04,1,-4.00E-04,-9.00E-04,66.79,1.80E-04,0.10713357,0,TRUE,0,0,0,-2.49E-04
1565838820424,-11.324,0.156,-10.683,-4.00E-04,1,-4.00E-04,-0.001,66.69,-6.00E-05,0.115083516,0,TRUE,0,0,0,-2.88E-04
1565838820566,-11.322,0.156,-9.942,-4.00E-04,1,-4.00E-04,-0.001,66.59,-5.40E-04,0.115083516,0,TRUE,0,0,0,-5.28E-04
1565838820709,-11.321,0.156,-9.203,-4.00E-04,1,-4.00E-04,-9.00E-04,66.49,-0.00103,0.115083516,0,TRUE,0,0,0,-2.63E-04
1565838820805,-11.32,0.156,-8.465,-4.00E-04,1,-4.00E-04,-8.00E-04,66.39,-0.00103,0.115083516,0,TRUE,0,0,0,-3.92E-04
1565838820893,-11.319,0.156,-7.728,-4.00E-04,1,-4.00E-04,-7.00E-04,66.29,-0.00103,0.115083545,0,TRUE,0,0,0,-4.28E-04
1565838820986,-11.318,0.156,-6.992,-4.00E-04,1,-4.00E-04,-6.00E-04,66.18,-0.001,0.115083486,0,TRUE,0,0,0,-4.47E-04
1565838821086,-11.317,0.156,-6.257,-4.00E-04,1,-4.00E-04,-4.00E-04,66.08,-9.90E-04,0.115083516,0,TRUE,0,0,0,-3.78E-04
1565838821232,-11.317,0.156,-5.524,-4.00E-04,1,-4.00E-04,-3.00E-04,65.98,-4.20E-04,0.115083516,0,TRUE,0,0,0,0
1565838821372,-11.317,0.156,-4.791,-4.00E-04,1,-4.00E-04,-2.00E-04,65.88,6.70E-04,0.115083516,0,TRUE,0,0,0,0
1565838821473,-11.317,0.156,-4.06,-4.00E-04,1,-4.00E-04,-2.00E-04,65.78,5.80E-04,0.115083516,0,TRUE,0,0,0,0
1565838821618,-11.316,0.156,-3.33,-5.00E-04,1,-4.00E-04,-3.00E-04,65.68,-3.80E-04,0.115083516,0,TRUE,0,0,0,-2.63E-04
1565838821765,-11.316,0.156,-2.6,-4.00E-04,1,-4.00E-04,-3.00E-04,65.58,-9.50E-04,0.115083516,0,TRUE,0,0,0,0
1565838821853,-11.315,0.156,-1.872,-4.00E-04,1,-4.00E-04,-2.00E-04,65.48,-9.50E-04,0.115083516,0,TRUE,0,0,0,-4.34E-04
1565838821946,-11.315,0.156,-1.146,-4.00E-04,1,-4.00E-04,-1.00E-04,65.38,-9.50E-04,0.12698561,0,TRUE,0,0,0,0
1565838822044,-11.316,0.156,-0.42,-4.00E-04,1,-4.00E-04,0,65.28,-9.50E-04,0.13888764,0,TRUE,0,0,0,-3.91E-04
1565838822136,-11.316,0.156,0.305,-4.00E-04,1,-4.00E-04,1.00E-04,65.18,-9.50E-04,0.14682236,0,TRUE,0,0,0,0
1565838822241,-11.316,0.156,1.028,-4.00E-04,1,-4.00E-04,3.00E-04,65.08,-9.50E-04,0.1706264,0,TRUE,0,0,0,0
1565838822333,-11.317,0.156,1.751,-4.00E-04,1,-4.00E-04,4.00E-04,64.97,-9.50E-04,0.17856109,0,TRUE,0,0,0,-4.60E-04
1565838822423,-11.318,0.156,2.472,-4.00E-04,1,-4.00E-04,5.00E-04,64.87,-9.50E-04,0.1825437,0,TRUE,0,0,0,-4.28E-04
1565838822522,-11.319,0.156,3.192,-4.00E-04,1,-4.00E-04,6.00E-04,64.77,-9.50E-04,0.20238042,0,TRUE,0,0,0,-3.90E-04
1565838822654,-11.32,0.156,3.911,-4.00E-04,1,-4.00E-04,8.00E-04,64.67,-9.50E-04,0.30554664,0,TRUE,0,0,0,-2.93E-04
1565838822763,-11.322,0.156,4.63,-4.00E-04,1,-5.00E-04,9.00E-04,64.64,-9.50E-04,0.35317004,0,TRUE,0,0,0,-2.13E-04
1565838822885,-11.323,0.156,5.348,-4.00E-04,1,-5.00E-04,0.001,64.65,-9.50E-04,0.43253225,0,TRUE,0,0,0,3.17E-05
1565838822985,-11.325,0.156,6.067,-4.00E-04,1,-5.00E-04,0.0011,64.7,-9.50E-04,0.46030366,0,TRUE,0,0,0,3.86E-04
1565838823084,-11.327,0.156,6.786,-4.00E-04,1,-5.00E-04,0.0013,64.76,-9.50E-04,0.47222096,0,TRUE,0,0,0,4.68E-04
1565838823180,-11.329,0.156,7.506,-4.00E-04,1,-5.00E-04,0.0014,64.84,-9.50E-04,0.484123,0,TRUE,0,0,0,6.43E-04
1565838823279,-11.331,0.156,8.227,-4.00E-04,1,-6.00E-04,0.0015,64.91,-9.50E-04,0.50391394,0,TRUE,0,0,0,5.45E-04
1565838823371,-11.334,0.156,8.949,-4.00E-04,1,-6.00E-04,0.0017,65,-9.50E-04,0.5000076,0,TRUE,0,0,0,0.001128793
1565838823463,-11.337,0.156,9.672,-4.00E-04,1,-6.00E-04,0.0018,65.09,-9.50E-04,0.50782025,0,TRUE,0,0,0,0.001127591
1565838823555,-11.34,0.156,10.396,-4.00E-04,1,-6.00E-04,0.0019,65.18,-9.50E-04,0.50782025,0,TRUE,0,0,0,0.001126128
1565838823646,-11.343,0.156,11.121,-4.00E-04,1,-6.00E-04,0.0021,65.27,-9.50E-04,0.51172656,0,TRUE,0,0,0,0.001136836
1565838823740,-11.346,0.156,11.847,-4.00E-04,1,-6.00E-04,0.0022,65.37,-9.50E-04,0.5195392,0,TRUE,0,0,0,0.00122089
1565838823830,-11.35,0.156,12.574,-4.00E-04,1,-6.00E-04,0.0024,65.46,-9.50E-04,0.5195392,0,TRUE,0,0,0,0.001528519
1565838823918,-11.353,0.156,13.302,-4.00E-04,1,-6.00E-04,0.0025,65.56,-9.50E-04,0.5195392,0,TRUE,0,0,0,0.001300451
1565838824026,-11.357,0.156,14.031,-4.00E-04,1,-6.00E-04,0.0026,65.66,-9.50E-04,0.49602503,0,TRUE,0,0,0,0.001411556
1565838824168,-11.361,0.156,14.761,-4.00E-04,1,-6.00E-04,0.0028,65.75,-5.20E-04,0.4444343,0,TRUE,0,0,0,9.65E-04
1565838824310,-11.366,0.156,15.493,-4.00E-04,1,-6.00E-04,0.0029,65.82,9.30E-04,0.3809415,0,TRUE,0,0,0,9.35E-04
1565838824456,-11.37,0.156,16.224,-4.00E-04,1,-5.00E-04,0.0028,65.86,0.00164,0.26984054,0,TRUE,0,0,0,4.16E-04
1565838824593,-11.374,0.156,16.956,-5.00E-04,1,-5.00E-04,0.0027,65.85,0.00167,0.15872437,0,TRUE,0,0,0,-1.11E-04
1565838824705,-11.377,0.156,17.687,-5.00E-04,1,-5.00E-04,0.0025,65.77,0.00167,0.115083516,0,TRUE,0,0,0,-8.14E-04
1565838824841,-11.38,0.156,18.417,-5.00E-04,1,-5.00E-04,0.0022,65.67,0.00176,0,0,TRUE,0,0,0,-8.39E-04
1565838824983,-11.383,0.156,19.146,-5.00E-04,1,-4.00E-04,0.002,65.57,0.00304,0,0,TRUE,0,0,0,-8.05E-04
1565838825111,-11.385,0.156,19.874,-5.00E-04,1,-4.00E-04,0.0017,65.47,0.00322,0,0,TRUE,0,0,0,-5.96E-04
1565838825234,-11.386,0.156,20.601,-6.00E-04,1,-4.00E-04,0.0012,65.37,0.00322,0.079362154,0,TRUE,0,0,0,-3.10E-04
1565838825361,-11.387,0.156,21.327,-6.00E-04,1,-4.00E-04,8.00E-04,65.26,0.00315,0.123018205,0,TRUE,0,0,0,-3.32E-04
1565838825503,-11.387,0.156,22.051,-6.00E-04,1,-4.00E-04,4.00E-04,65.16,0.00243,0.21031511,0,TRUE,0,0,0,0
1565838825650,-11.387,0.156,22.775,-5.00E-04,1,-4.00E-04,0,65.06,0.00158,0.35317004,0,TRUE,0,0,0,0
1565838825791,-11.386,0.156,23.497,-5.00E-04,1,-5.00E-04,-3.00E-04,65.05,0.00127,0.46030366,0,TRUE,0,0,0,-2.73E-05
1565838825896,-11.385,0.156,24.221,-5.00E-04,1,-5.00E-04,-5.00E-04,65.11,0.00127,0.484123,0,TRUE,0,0,0,2.19E-04
1565838826010,-11.384,0.156,24.945,-5.00E-04,1,-5.00E-04,-7.00E-04,65.18,0.00115,0.5000076,0,TRUE,0,0,0,2.36E-04
1565838826154,-11.382,0.156,25.669,-5.00E-04,1,-6.00E-04,-9.00E-04,65.27,2.20E-04,0.5000076,0,TRUE,0,0,0,4.80E-04
1565838826298,-11.381,0.156,26.395,-4.00E-04,1,-6.00E-04,-0.001,65.36,-2.40E-04,0.50391394,0,TRUE,0,0,0,2.39E-04
1565838826392,-11.38,0.156,27.122,-4.00E-04,1,-6.00E-04,-0.001,65.45,-2.40E-04,0.50391394,0,TRUE,0,0,0,3.66E-04
1565838826480,-11.378,0.156,27.85,-4.00E-04,1,-6.00E-04,-9.00E-04,65.54,-2.40E-04,0.50391394,0,TRUE,0,0,0,7.80E-04
1565838826569,-11.377,0.156,28.579,-4.00E-04,1,-6.00E-04,-9.00E-04,65.63,-2.40E-04,0.50391394,0,TRUE,0,0,0,3.85E-04
1565838826659,-11.376,0.156,29.309,-4.00E-04,1,-6.00E-04,-9.00E-04,65.72,-2.40E-04,0.50391394,0,TRUE,0,0,0,3.80E-04
1565838826751,-11.374,0.156,30.04,-4.00E-04,1,-6.00E-04,-8.00E-04,65.81,-2.40E-04,0.50391394,0,TRUE,0,0,0,7.44E-04
1565838826838,-11.373,0.156,30.772,-4.00E-04,1,-6.00E-04,-8.00E-04,65.91,-2.40E-04,0.50391394,0,TRUE,0,0,0,4.36E-04
1565838826926,-11.372,0.156,31.505,-4.00E-04,1,-6.00E-04,-8.00E-04,66,-2.40E-04,0.50391394,0,TRUE,0,0,0,3.88E-04
1565838827018,-11.371,0.156,32.239,-4.00E-04,1,-6.00E-04,-7.00E-04,66.09,-2.40E-04,0.5000076,0,TRUE,0,0,0,3.70E-04
1565838827108,-11.37,0.156,32.974,-4.00E-04,1,-6.00E-04,-7.00E-04,66.18,-2.40E-04,0.5000076,0,TRUE,0,0,0,3.78E-04
1565838827198,-11.369,0.156,33.71,-4.00E-04,1,-6.00E-04,-6.00E-04,66.27,-2.40E-04,0.5000076,0,TRUE,0,0,0,3.77E-04
1565838827294,-11.369,0.156,34.447,-4.00E-04,1,-6.00E-04,-6.00E-04,66.36,-2.40E-04,0.5000076,0,TRUE,0,0,0,0
1565838827382,-11.368,0.156,35.185,-4.00E-04,1,-6.00E-04,-6.00E-04,66.45,-2.40E-04,0.5000076,0,TRUE,0,0,0,3.85E-04
1565838827478,-11.367,0.156,35.924,-4.00E-04,1,-6.00E-04,-5.00E-04,66.54,-2.40E-04,0.5000076,0,TRUE,0,0,0,3.53E-04
1565838827584,-11.366,0.156,36.664,-4.00E-04,1,-6.00E-04,-5.00E-04,66.63,-2.40E-04,0.5000076,0,TRUE,0,0,0,3.19E-04
1565838827673,-11.366,0.156,37.405,-4.00E-04,1,-6.00E-04,-5.00E-04,66.72,-2.40E-04,0.5000076,0,TRUE,0,0,0,0
1565838827766,-11.365,0.156,38.147,-4.00E-04,1,-6.00E-04,-4.00E-04,66.82,-2.40E-04,0.49602503,0,TRUE,0,0,0,4.03E-04
1565838827880,-11.364,0.156,38.89,-4.00E-04,1,-6.00E-04,-4.00E-04,66.91,-2.40E-04,0.47222096,0,TRUE,0,0,0,2.95E-04
1565838827975,-11.364,0.156,39.634,-4.00E-04,1,-6.00E-04,-3.00E-04,66.99,-2.40E-04,0.4682536,0,TRUE,0,0,0,0
1565838828098,-11.364,0.156,40.379,-4.00E-04,1,-5.00E-04,-3.00E-04,67.06,-2.40E-04,0.39284354,0,TRUE,0,0,0,0
1565838828229,-11.363,0.156,41.125,-4.00E-04,1,-5.00E-04,-3.00E-04,67.11,-2.40E-04,0.29761195,0,TRUE,0,0,0,1.42E-04
1565838828380,-11.363,0.156,41.87,-4.00E-04,1,-5.00E-04,-2.00E-04,67.11,-2.40E-04,0.115083516,0,TRUE,0,0,0,0
1565838828512,-11.363,0.156,42.616,-4.00E-04,1,-5.00E-04,-2.00E-04,67.04,-2.40E-04,0,0,TRUE,0,0,0,0
1565838828604,-11.362,0.156,43.36,-4.00E-04,1,-5.00E-04,-2.00E-04,66.94,-2.40E-04,0,0,TRUE,0,0,0,-4.06E-04
1565838828691,-11.362,0.156,44.103,-4.00E-04,1,-4.00E-04,-1.00E-04,66.84,-2.40E-04,0,0,TRUE,0,0,0,0
1565838828782,-11.362,0.156,44.845,-4.00E-04,1,-4.00E-04,-1.00E-04,66.73,-2.40E-04,0,0,TRUE,0,0,0,0
1565838828872,-11.362,0.156,45.586,-4.00E-04,1,-4.00E-04,-1.00E-04,66.63,-2.40E-04,0,0,TRUE,0,0,0,0
1565838828961,-11.362,0.156,46.326,-4.00E-04,1,-4.00E-04,-1.00E-04,66.53,-2.40E-04,0,0,TRUE,0,0,0,0
1565838829050,-11.362,0.156,47.064,-4.00E-04,1,-4.00E-04,0,66.43,-2.40E-04,0,0,TRUE,0,0,0,0
1565838829140,-11.362,0.156,47.802,-4.00E-04,1,-4.00E-04,0,66.33,-2.40E-04,0,0,TRUE,0,0,0,0
1565838829232,-11.362,0.156,48.538,-4.00E-04,1,-4.00E-04,0,66.23,-2.40E-04,0,0,TRUE,0,0,0,0
1565838829322,-11.362,0.156,49.273,-4.00E-04,1,-4.00E-04,1.00E-04,66.13,-2.40E-04,0,0,TRUE,0,0,0,0
1565838829410,-11.362,0.156,50.007,-4.00E-04,1,-4.00E-04,1.00E-04,66.03,-2.40E-04,0,0,TRUE,0,0,0,0
1565838829499,-11.363,0.156,50.74,-4.00E-04,1,-4.00E-04,1.00E-04,65.93,-2.40E-04,0,0,TRUE,0,0,0,-4.26E-04
1565838829591,-11.363,0.156,51.472,-4.00E-04,1,-4.00E-04,2.00E-04,65.83,-2.40E-04,0,0,TRUE,0,0,0,0
1565838829679,-11.363,0.156,52.203,-4.00E-04,1,-4.00E-04,2.00E-04,65.73,-2.40E-04,0,0,TRUE,0,0,0,0
1565838829771,-11.364,0.156,52.933,-4.00E-04,1,-4.00E-04,2.00E-04,65.62,-2.40E-04,0,0,TRUE,0,0,0,-4.55E-04
1565838829859,-11.364,0.156,53.661,-4.00E-04,1,-4.00E-04,2.00E-04,65.52,-2.40E-04,0,0,TRUE,0,0,0,0
1565838829948,-11.364,0.156,54.389,-4.00E-04,1,-4.00E-04,3.00E-04,65.42,-2.40E-04,0,0,TRUE,0,0,0,0
1565838830038,-11.365,0.156,55.115,-4.00E-04,1,-4.00E-04,3.00E-04,65.32,-2.40E-04,0,0,TRUE,0,0,0,-4.25E-04
1565838830126,-11.365,0.156,55.84,-4.00E-04,1,-4.00E-04,3.00E-04,65.22,-2.40E-04,0,0,TRUE,0,0,0,0
1565838830220,-11.366,0.156,56.564,-4.00E-04,1,-4.00E-04,4.00E-04,65.12,-2.40E-04,0,0,TRUE,0,0,0,-4.08E-04
1565838830310,-11.367,0.156,57.287,-4.00E-04,1,-4.00E-04,4.00E-04,65.02,-2.40E-04,0,0,TRUE,0,0,0,-4.27E-04
1565838830399,-11.367,0.156,58.009,-4.00E-04,1,-4.00E-04,4.00E-04,64.92,-2.40E-04,0,0,TRUE,0,0,0,0
1565838830490,-11.368,0.156,58.729,-4.00E-04,1,-4.00E-04,4.00E-04,64.82,-2.30E-04,0,0,TRUE,0,0,0,-4.24E-04
1565838830580,-11.369,0.156,59.449,-4.00E-04,1,-4.00E-04,5.00E-04,64.72,-2.30E-04,0,0,TRUE,0,0,0,-4.29E-04
1565838830672,-11.369,0.156,60.167,-4.00E-04,1,-4.00E-04,5.00E-04,64.62,-2.30E-04,0,0,TRUE,0,0,0,0
1565838830760,-11.37,0.156,60.885,-4.00E-04,1,-4.00E-04,5.00E-04,64.52,-2.30E-04,0,0,TRUE,0,0,0,-4.39E-04
1565838830852,-11.371,0.156,61.601,-4.00E-04,1,-4.00E-04,6.00E-04,64.41,-2.30E-04,0,0,TRUE,0,0,0,-4.64E-04
1565838830943,-11.372,0.156,62.316,-4.00E-04,1,-4.00E-04,6.00E-04,64.31,-2.30E-04,0,0,TRUE,0,0,0,-4.27E-04
1565838831034,-11.373,0.156,63.03,-4.00E-04,1,-4.00E-04,6.00E-04,64.21,-2.30E-04,0,0,TRUE,0,0,0,-4.28E-04
1565838831128,-11.374,0.156,63.743,-4.00E-04,1,-4.00E-04,6.00E-04,64.11,-2.30E-04,0,0,TRUE,0,0,0,-4.14E-04
1565838831217,-11.375,0.156,64.454,-4.00E-04,1,-4.00E-04,7.00E-04,64.01,-2.30E-04,0,0,TRUE,0,0,0,-4.39E-04
1565838831306,-11.376,0.156,65.165,-4.00E-04,1,-4.00E-04,7.00E-04,63.91,-2.30E-04,0,0,TRUE,0,0,0,-4.39E-04
1565838831395,-11.377,0.156,65.875,-4.00E-04,1,-4.00E-04,7.00E-04,63.81,-2.30E-04,0,0,TRUE,0,0,0,-4.39E-04
1565838831484,-11.378,0.156,66.583,-4.00E-04,1,-4.00E-04,7.00E-04,63.71,-2.30E-04,0,0,TRUE,0,0,0,-4.41E-04
1565838831574,-11.379,0.156,67.29,-4.00E-04,1,-4.00E-04,8.00E-04,63.61,-2.30E-04,0,0,TRUE,0,0,0,-4.36E-04
1565838831664,-11.38,0.156,67.996,-4.00E-04,1,-4.00E-04,8.00E-04,63.51,-2.30E-04,0,0,TRUE,0,0,0,-4.37E-04
1565838831753,-11.381,0.156,68.701,-4.00E-04,1,-4.00E-04,8.00E-04,63.41,-2.30E-04,0,0,TRUE,0,0,0,-4.42E-04
1565838831844,-11.383,0.156,69.405,-4.00E-04,1,-4.00E-04,9.00E-04,63.31,-2.30E-04,0,0,TRUE,0,0,0,-8.68E-04
1565838831932,-11.384,0.156,70.108,-4.00E-04,1,-4.00E-04,9.00E-04,63.2,-2.30E-04,0,0,TRUE,0,0,0,-4.94E-04
1565838832021,-11.385,0.156,70.809,-4.00E-04,1,-4.00E-04,9.00E-04,63.1,-2.30E-04,0,0,TRUE,0,0,0,-4.45E-04
1565838832110,-11.386,0.156,71.51,-4.00E-04,1,-4.00E-04,9.00E-04,63,-2.30E-04,0,0,TRUE,0,0,0,-4.45E-04
1565838832198,-11.388,0.156,72.209,-4.00E-04,1,-4.00E-04,0.001,62.9,-2.30E-04,0,0,TRUE,0,0,0,-9.03E-04
1565838832289,-11.389,0.156,72.908,-4.00E-04,1,-4.00E-04,0.001,62.8,-2.30E-04,0,0,TRUE,0,0,0,-4.37E-04
1565838832377,-11.391,0.156,73.605,-4.00E-04,1,-4.00E-04,0.001,62.7,-2.30E-04,0,0,TRUE,0,0,0,-9.06E-04
1565838832468,-11.392,0.156,74.301,-4.00E-04,1,-4.00E-04,0.001,62.6,-2.30E-04,0,0,TRUE,0,0,0,-4.39E-04
1565838832560,-11.394,0.156,74.996,-4.00E-04,1,-4.00E-04,0.0011,62.5,-2.30E-04,0,0,TRUE,0,0,0,-8.69E-04
1565838832651,-11.395,0.156,75.689,-4.00E-04,1,-4.00E-04,0.0011,62.4,-2.30E-04,0,0,TRUE,0,0,0,-4.41E-04
1565838832738,-11.397,0.156,76.382,-4.00E-04,1,-4.00E-04,0.0011,62.3,-2.30E-04,0,0,TRUE,0,0,0,-9.21E-04
1565838832828,-11.398,0.156,77.074,-4.00E-04,1,-4.00E-04,0.0011,62.2,-2.30E-04,0,0,TRUE,0,0,0,-4.46E-04
1565838832916,-11.4,0.156,77.764,-4.00E-04,1,-4.00E-04,0.0012,62.1,-2.30E-04,0,0,TRUE,0,0,0,-9.15E-04
1565838833005,-11.402,0.156,78.453,-4.00E-04,1,-4.00E-04,0.0012,61.99,-2.30E-04,0,0,TRUE,0,0,0,-9.97E-04
1565838833092,-11.404,0.156,79.142,-4.00E-04,1,-4.00E-04,0.0012,61.89,-2.30E-04,0,0,TRUE,0,0,0,-9.27E-04
1565838833199,-11.405,0.156,79.829,-4.00E-04,1,-4.00E-04,0.0013,61.79,-1.00E-04,0,0,TRUE,0,0,0,-3.78E-04
1565838833342,-11.407,0.156,80.515,-4.00E-04,1,-4.00E-04,0.0013,61.69,9.40E-04,0,0,TRUE,0,0,0,-5.66E-04
1565838833484,-11.409,0.156,81.199,-5.00E-04,1,-4.00E-04,0.0012,61.59,0.00189,0,0,TRUE,0,0,0,-5.72E-04
1565838833571,-11.41,0.156,81.883,-5.00E-04,1,-4.00E-04,0.001,61.49,0.00189,0,0,TRUE,0,0,0,-4.67E-04
1565838833659,-11.411,0.156,82.566,-5.00E-04,1,-4.00E-04,8.00E-04,61.39,0.00189,0,0,TRUE,0,0,0,-4.62E-04
1565838833749,-11.411,0.156,83.247,-5.00E-04,1,-4.00E-04,6.00E-04,61.29,0.00189,0,0,TRUE,0,0,0,0
1565838833838,-11.411,0.156,83.927,-5.00E-04,1,-4.00E-04,3.00E-04,61.19,0.00189,0,0,TRUE,0,0,0,0
1565838833926,-11.411,0.156,84.607,-5.00E-04,1,-4.00E-04,1.00E-04,61.09,0.00189,0,0,TRUE,0,0,0,0
1565838834013,-11.411,0.156,85.285,-5.00E-04,1,-4.00E-04,-2.00E-04,60.99,0.00189,0,0,TRUE,0,0,0,0
1565838834103,-11.41,0.156,85.962,-5.00E-04,1,-4.00E-04,-4.00E-04,60.88,0.00189,0,0,TRUE,0,0,0,-5.02E-04
1565838834192,-11.409,0.156,86.638,-5.00E-04,1,-4.00E-04,-7.00E-04,60.78,0.00189,0,0,TRUE,0,0,0,-4.61E-04
1565838834285,-11.407,0.156,87.312,-5.00E-04,1,-4.00E-04,-9.00E-04,60.68,0.00189,0,0,TRUE,0,0,0,-8.87E-04
1565838834375,-11.406,0.156,87.986,-5.00E-04,1,-4.00E-04,-0.0012,60.58,0.00189,0,0,TRUE,0,0,0,-4.58E-04
1565838834463,-11.403,0.156,88.658,-5.00E-04,1,-4.00E-04,-0.0014,60.48,0.00189,0,0,TRUE,0,0,0,-0.001409328
1565838834551,-11.401,0.156,89.33,-5.00E-04,1,-4.00E-04,-0.0017,60.38,0.00189,0,0,TRUE,0,0,0,-9.39E-04
1565838834652,-11.398,0.156,90,-5.00E-04,1,-4.00E-04,-0.0019,60.28,0.00189,0,0,TRUE,0,0,0,-0.001231592
1565838834773,-11.395,0.156,90.669,-5.00E-04,1,-4.00E-04,-0.0021,60.18,0.00189,0,0.10713357,TRUE,0,0,0,-0.001029193
1565838834883,-11.392,0.156,91.336,-5.00E-04,1,-4.00E-04,-0.0024,59.9,0.00189,0,0.15475702,TRUE,0,0,0,-0.003180458
1565838834996,-11.388,0.156,91.999,-5.00E-04,1,-3.00E-04,-0.0026,59.49,0.00186,0,0.19047838,TRUE,0,0,0,-0.006081519
1565838835090,-11.384,0.156,92.657,-5.00E-04,1,-2.00E-04,-0.0029,58.99,0.00186,0,0.17856109,TRUE,0,0,0,-0.008981237
1565838835202,-11.379,0.156,93.309,-5.00E-04,1,-2.00E-04,-0.0031,58.49,0.00186,0,0.12698561,TRUE,0,0,0,-0.009509743
1565838835317,-11.375,0.156,93.956,-5.00E-04,1,-2.00E-04,-0.0034,58.08,0.00186,0,0.079362154,TRUE,0,0,0,-0.006122054
1565838835427,-11.37,0.156,94.599,-5.00E-04,1,-3.00E-04,-0.0036,57.78,0.00186,0,0,TRUE,0,0,0,-0.005890985
1565838835527,-11.365,0.156,95.24,-5.00E-04,1,-4.00E-04,-0.0039,57.64,0.00186,0,0,TRUE,0,0,0,-0.003033424
1565838835616,-11.359,0.156,95.879,-5.00E-04,1,-4.00E-04,-0.0041,57.54,0.00186,0,0,TRUE,0,0,0,-0.002930223
1565838835710,-11.353,0.156,96.518,-5.00E-04,1,-5.00E-04,-0.0043,57.44,0.00186,0,0,TRUE,0,0,0,-0.002774907
1565838835802,-11.347,0.156,97.156,-5.00E-04,1,-5.00E-04,-0.0046,57.34,0.00186,0,0,TRUE,0,0,0,-0.002839113
1565838835902,-11.341,0.156,97.792,-5.00E-04,1,-5.00E-04,-0.0048,57.23,0.00186,0,0,TRUE,0,0,0,-0.002882729
1565838835999,-11.334,0.156,98.427,-5.00E-04,1,-4.00E-04,-0.005,57.13,0.00186,0,0,TRUE,0,0,0,-0.003156558
1565838836095,-11.328,0.156,99.061,-5.00E-04,1,-4.00E-04,-0.0052,57.03,0.00186,0,0,TRUE,0,0,0,-0.002738109
1565838836186,-11.32,0.156,99.694,-5.00E-04,1,-4.00E-04,-0.0055,56.93,0.00186,0,0,TRUE,0,0,0,-0.003857618
1565838836282,-11.313,0.156,100.326,-5.00E-04,1,-4.00E-04,-0.0057,56.83,0.00186,0,0.055558085,TRUE,0,0,0,-0.003204607
1565838836378,-11.305,0.156,100.957,-5.00E-04,1,-4.00E-04,-0.0059,56.64,0.00186,0,0.071427464,TRUE,0,0,0,-0.0069691
1565838836482,-11.297,0.156,101.584,-5.00E-04,1,-4.00E-04,-0.0061,56.39,0.00186,0,0.10316622,TRUE,0,0,0,-0.008519465
1565838836590,-11.289,0.156,102.209,-5.00E-04,1,-3.00E-04,-0.0064,56.08,0.00186,0,0.14285499,TRUE,0,0,0,-0.010205321
1565838836704,-11.281,0.156,102.829,-5.00E-04,1,-3.00E-04,-0.0066,55.69,0.00186,0,0.1825437,TRUE,0,0,0,-0.012259976
1565838836803,-11.272,0.156,103.445,-5.00E-04,1,-3.00E-04,-0.0068,55.21,0.00186,0,0.19047838,TRUE,0,0,0,-0.019674875
1565838836901,-11.263,0.156,104.055,-5.00E-04,1,-2.00E-04,-0.0071,54.7,0.00186,0,0.20634776,TRUE,0,0,0,-0.021327635
1565838837006,-11.254,0.156,104.658,-5.00E-04,1,-2.00E-04,-0.0073,54.15,0.00186,0,0.24602121,TRUE,0,0,0,-0.021714054
1565838837110,-11.245,0.156,105.256,-5.00E-04,1,-2.00E-04,-0.0075,53.53,0.00186,0,0.27777523,TRUE,0,0,0,-0.024919642
1565838837220,-11.236,0.156,105.846,-5.00E-04,1,-1.00E-04,-0.0078,52.84,0.00186,0,0.309514,TRUE,0,0,0,-0.026575511
1565838837314,-11.226,0.156,106.428,-5.00E-04,1,-1.00E-04,-0.008,52.08,0.00186,0,0.309514,TRUE,0,0,0,-0.038583767
1565838837415,-11.216,0.156,107.001,-5.00E-04,1,-1.00E-04,-0.0082,51.3,0.00186,0,0.28967726,TRUE,0,0,0,-0.03743371
1565838837505,-11.207,0.156,107.566,-5.00E-04,1,-1.00E-04,-0.0085,50.55,0.00186,0,0.28570992,TRUE,0,0,0,-0.0368676
1565838837648,-11.197,0.156,108.122,-5.00E-04,1,-1.00E-04,-0.0087,49.82,0.00123,0,0.26190585,TRUE,0,0,0,-0.025500529
1565838837790,-11.187,0.156,108.671,-5.00E-04,1,-1.00E-04,-0.0089,49.13,-1.90E-04,0,0.21031511,TRUE,0,0,0,-0.02458016
1565838837936,-11.177,0.156,109.213,-4.00E-04,1,-1.00E-04,-0.009,48.54,-7.70E-04,0,0.17459375,TRUE,0,0,0,-0.020707782
1565838838083,-11.167,0.156,109.749,-4.00E-04,1,-2.00E-04,-0.009,48.04,-0.00152,0,0.15475702,TRUE,0,0,0,-0.017624518
1565838838232,-11.158,0.156,110.279,-4.00E-04,1,-2.00E-04,-0.0089,47.59,-0.00273,0,0.13888764,TRUE,0,0,0,-0.014243642
1565838838367,-11.149,0.156,110.805,-4.00E-04,1,-3.00E-04,-0.0087,47.18,-0.00303,0,0.115083516,TRUE,0,0,0,-0.014432163
1565838838507,-11.141,0.156,111.327,-4.00E-04,1,-3.00E-04,-0.0084,46.81,-0.00378,0,0.13888764,TRUE,0,0,0,-0.011250091
1565838838649,-11.133,0.156,111.844,-3.00E-04,1,-3.00E-04,-0.0081,46.42,-0.00498,0,0.15078968,TRUE,0,0,0,-0.011803065
1565838838764,-11.126,0.156,112.357,-3.00E-04,1,-3.00E-04,-0.0077,45.99,-0.00512,0,0.15078968,TRUE,0,0,0,-0.014171066
1565838838854,-11.119,0.156,112.865,-3.00E-04,1,-3.00E-04,-0.0073,45.56,-0.00512,0,0.14682233,TRUE,0,0,0,-0.018286
1565838838950,-11.113,0.156,113.368,-3.00E-04,1,-3.00E-04,-0.0068,45.14,-0.00512,0,0.14285499,TRUE,0,0,0,-0.014496692
1565838839087,-11.107,0.156,113.867,-3.00E-04,1,-3.00E-04,-0.0063,44.72,-0.00485,0,0.11905086,TRUE,0,0,0,-0.010237918
1565838839230,-11.102,0.156,114.361,-3.00E-04,1,-3.00E-04,-0.0059,44.35,-0.00343,0,0.115083516,TRUE,0,0,0,-0.007274352
1565838839379,-11.097,0.156,114.851,-4.00E-04,1,-3.00E-04,-0.0055,43.99,-0.00298,0,0.14285499,TRUE,0,0,0,-0.006848146
1565838839475,-11.093,0.156,115.337,-4.00E-04,1,-3.00E-04,-0.0052,43.59,-0.00298,0,0.14285499,TRUE,0,0,0,-0.009525009
1565838839582,-11.088,0.156,115.819,-4.00E-04,1,-3.00E-04,-0.005,43.18,-0.00298,0,0.10316622,TRUE,0,0,0,-0.011040913
1565838839704,-11.084,0.156,116.296,-4.00E-04,1,-3.00E-04,-0.0047,42.83,-0.00298,0,0,TRUE,0,0,0,-0.006683511
1565838839807,-11.08,0.156,116.771,-4.00E-04,1,-3.00E-04,-0.0044,42.67,-0.00298,0,0,TRUE,0,0,0,-0.003633324
1565838839893,-11.077,0.156,117.244,-4.00E-04,1,-4.00E-04,-0.0042,42.57,-0.00298,0,0,TRUE,0,0,0,-0.002048716
1565838839982,-11.074,0.156,117.717,-4.00E-04,1,-5.00E-04,-0.0039,42.47,-0.00298,0,0,TRUE,0,0,0,-0.001979029
1565838840069,-11.07,0.156,118.188,-4.00E-04,1,-5.00E-04,-0.0037,42.37,-0.00298,0,0,TRUE,0,0,0,-0.002711959
1565838840157,-11.068,0.156,118.658,-4.00E-04,1,-5.00E-04,-0.0034,42.27,-0.00298,0,0,TRUE,0,0,0,-0.001343108
1565838840244,-11.065,0.156,119.127,-4.00E-04,1,-4.00E-04,-0.0031,42.17,-0.00298,0,0,TRUE,0,0,0,-0.002042508
1565838840333,-11.063,0.156,119.595,-4.00E-04,1,-4.00E-04,-0.0029,42.07,-0.00298,0,0,TRUE,0,0,0,-0.001333667
1565838840423,-11.061,0.156,120.062,-4.00E-04,1,-4.00E-04,-0.0026,41.97,-0.00298,0,0,TRUE,0,0,0,-0.001321693
1565838840511,-11.059,0.156,120.527,-4.00E-04,1,-4.00E-04,-0.0024,41.86,-0.00298,0,0,TRUE,0,0,0,-0.001493303
1565838840601,-11.057,0.156,120.992,-4.00E-04,1,-4.00E-04,-0.0021,41.76,-0.00298,0,0,TRUE,0,0,0,-0.001327425
1565838840690,-11.056,0.156,121.455,-4.00E-04,1,-4.00E-04,-0.0018,41.66,-0.00298,0,0,TRUE,0,0,0,-6.74E-04
1565838840779,-11.055,0.156,121.917,-4.00E-04,1,-4.00E-04,-0.0016,41.56,-0.00298,0,0,TRUE,0,0,0,-6.75E-04
1565838840921,-11.054,0.156,122.379,-4.00E-04,1,-4.00E-04,-0.0013,41.46,-0.00231,0,0,TRUE,0,0,0,-4.24E-04
1565838841068,-11.054,0.156,122.839,-4.00E-04,1,-4.00E-04,-0.0011,41.36,-7.40E-04,0,0,TRUE,0,0,0,0
1565838841188,-11.053,0.156,123.298,-4.00E-04,1,-4.00E-04,-0.001,41.26,-5.20E-04,0,0,TRUE,0,0,0,-5.04E-04
1565838841275,-11.052,0.156,123.755,-4.00E-04,1,-4.00E-04,-9.00E-04,41.16,-5.20E-04,0,0,TRUE,0,0,0,-6.99E-04
1565838841363,-11.052,0.156,124.212,-4.00E-04,1,-4.00E-04,-9.00E-04,41.06,-5.20E-04,0,0,TRUE,0,0,0,0
1565838841454,-11.051,0.156,124.668,-4.00E-04,1,-4.00E-04,-8.00E-04,40.96,-5.20E-04,0,0,TRUE,0,0,0,-6.70E-04
1565838841544,-11.05,0.156,125.122,-4.00E-04,1,-4.00E-04,-8.00E-04,40.86,-5.20E-04,0,0,TRUE,0,0,0,-6.79E-04
1565838841633,-11.05,0.156,125.575,-4.00E-04,1,-4.00E-04,-7.00E-04,40.76,-5.20E-04,0,0,TRUE,0,0,0,0
1565838841720,-11.049,0.156,126.028,-4.00E-04,1,-4.00E-04,-7.00E-04,40.66,-5.20E-04,0,0,TRUE,0,0,0,-7.05E-04
1565838841817,-11.049,0.156,126.479,-4.00E-04,1,-4.00E-04,-7.00E-04,40.55,-5.20E-04,0,0,TRUE,0,0,0,0
1565838841905,-11.048,0.156,126.929,-4.00E-04,1,-4.00E-04,-6.00E-04,40.45,-5.20E-04,0,0,TRUE,0,0,0,-7.01E-04
1565838841995,-11.048,0.156,127.377,-4.00E-04,1,-4.00E-04,-6.00E-04,40.35,-5.20E-04,0,0,TRUE,0,0,0,0
1565838842083,-11.047,0.156,127.825,-4.00E-04,1,-4.00E-04,-5.00E-04,40.25,-5.20E-04,0,0,TRUE,0,0,0,-7.05E-04
1565838842171,-11.047,0.156,128.272,-4.00E-04,1,-4.00E-04,-5.00E-04,40.15,-5.20E-04,0,0,TRUE,0,0,0,0
1565838842261,-11.046,0.156,128.717,-4.00E-04,1,-4.00E-04,-5.00E-04,40.05,-5.20E-04,0,0,TRUE,0,0,0,-6.94E-04
1565838842349,-11.046,0.156,129.162,-4.00E-04,1,-4.00E-04,-4.00E-04,39.95,-5.20E-04,0,0,TRUE,0,0,0,0
1565838842437,-11.046,0.156,129.605,-4.00E-04,1,-4.00E-04,-4.00E-04,39.85,-5.20E-04,0,0,TRUE,0,0,0,0
1565838842526,-11.046,0.156,130.047,-4.00E-04,1,-4.00E-04,-3.00E-04,39.75,-5.20E-04,0,0,TRUE,0,0,0,0
1565838842614,-11.045,0.156,130.488,-4.00E-04,1,-4.00E-04,-3.00E-04,39.65,-5.20E-04,0,0,TRUE,0,0,0,-7.15E-04
1565838842704,-11.045,0.156,130.928,-4.00E-04,1,-4.00E-04,-3.00E-04,39.55,-5.20E-04,0,0,TRUE,0,0,0,0
1565838842792,-11.045,0.156,131.367,-4.00E-04,1,-4.00E-04,-2.00E-04,39.45,-5.20E-04,0,0,TRUE,0,0,0,0
1565838842881,-11.045,0.156,131.804,-4.00E-04,1,-4.00E-04,-2.00E-04,39.34,-5.20E-04,0,0,TRUE,0,0,0,0
1565838842968,-11.045,0.156,132.241,-4.00E-04,1,-4.00E-04,-1.00E-04,39.24,-5.20E-04,0,0,TRUE,0,0,0,0
1565838843058,-11.045,0.156,132.676,-4.00E-04,1,-4.00E-04,-1.00E-04,39.14,-5.20E-04,0,0,TRUE,0,0,0,0
1565838843150,-11.045,0.156,133.11,-4.00E-04,1,-4.00E-04,-1.00E-04,39.04,-5.20E-04,0,0,TRUE,0,0,0,0
1565838843240,-11.045,0.156,133.544,-4.00E-04,1,-4.00E-04,0,38.94,-5.20E-04,0,0,TRUE,0,0,0,0
1565838843327,-11.045,0.156,133.976,-4.00E-04,1,-4.00E-04,0,38.84,-5.20E-04,0,0,TRUE,0,0,0,0
1565838843417,-11.045,0.156,134.407,-4.00E-04,1,-4.00E-04,0,38.74,-5.20E-04,0,0,TRUE,0,0,0,0
1565838843506,-11.045,0.156,134.836,-4.00E-04,1,-4.00E-04,1.00E-04,38.64,-5.20E-04,0,0,TRUE,0,0,0,0
1565838843597,-11.046,0.156,135.265,-4.00E-04,1,-4.00E-04,1.00E-04,38.54,-5.20E-04,0,0,TRUE,0,0,0,-7.11E-04
1565838843683,-11.046,0.156,135.693,-4.00E-04,1,-4.00E-04,2.00E-04,38.44,-5.20E-04,0,0,TRUE,0,0,0,0
1565838843772,-11.046,0.156,136.119,-4.00E-04,1,-4.00E-04,2.00E-04,38.34,-5.20E-04,0,0,TRUE,0,0,0,0
1565838843860,-11.046,0.156,136.544,-4.00E-04,1,-4.00E-04,2.00E-04,38.24,-5.20E-04,0,0,TRUE,0,0,0,0
1565838843950,-11.047,0.156,136.969,-4.00E-04,1,-4.00E-04,3.00E-04,38.14,-5.20E-04,0,0,TRUE,0,0,0,-7.27E-04
1565838844039,-11.047,0.156,137.392,-4.00E-04,1,-4.00E-04,3.00E-04,38.03,-5.20E-04,0,0,TRUE,0,0,0,0
1565838844128,-11.047,0.156,137.814,-4.00E-04,1,-4.00E-04,3.00E-04,37.93,-5.20E-04,0,0,TRUE,0,0,0,0
1565838844217,-11.048,0.156,138.234,-4.00E-04,1,-4.00E-04,4.00E-04,37.83,-5.20E-04,0,0,TRUE,0,0,0,-7.43E-04
1565838844307,-11.048,0.156,138.654,-4.00E-04,1,-4.00E-04,4.00E-04,37.73,-5.20E-04,0,0,TRUE,0,0,0,0
1565838844396,-11.048,0.152,139.073,-3.00E-04,1,0.0014,5.00E-04,37.65,-5.20E-04,0,0,TRUE,0,0,0,0
1565838844484,-11.049,0.147,139.491,-3.00E-04,1,0.0033,5.00E-04,37.55,-5.20E-04,0,0,TRUE,0,0,0,-7.55E-04
1565838844572,-11.05,0.145,139.907,-4.00E-04,1,0.0039,5.00E-04,37.45,-5.20E-04,0,0,TRUE,0,0,0,-7.59E-04
1565838844659,-11.05,0.145,140.323,-5.00E-04,1,0.0037,6.00E-04,37.35,-5.20E-04,0,0,TRUE,0,0,0,0
1565838844749,-11.051,0.146,140.737,-5.00E-04,1,0.0035,6.00E-04,37.25,-5.20E-04,0,0,TRUE,0,0,0,-7.45E-04
1565838844836,-11.051,0.146,141.15,-4.00E-04,1,0.0034,6.00E-04,37.15,-5.20E-04,0,0,TRUE,0,0,0,0
1565838844925,-11.052,0.144,141.562,-4.00E-04,1,0.0022,7.00E-04,37.05,-5.20E-04,0,0,TRUE,0,0,0,-7.58E-04
1565838845013,-11.053,0.139,141.973,-3.00E-04,1,2.00E-04,7.00E-04,36.95,-5.20E-04,0,0,TRUE,0,0,0,-7.68E-04
1565838845103,-11.053,0.135,142.383,-4.00E-04,1,-0.001,8.00E-04,36.84,-5.20E-04,0,0,TRUE,0,0,0,0
1565838845192,-11.054,0.133,142.792,-5.00E-04,1,-0.0011,8.00E-04,36.74,-5.20E-04,0,0,TRUE,0,0,0,-7.63E-04
1565838845280,-11.055,0.134,143.199,-5.00E-04,1,-8.00E-04,8.00E-04,36.64,-5.20E-04,0,0,TRUE,0,0,0,-7.76E-04
1565838845369,-11.055,0.135,143.606,-5.00E-04,1,-6.00E-04,9.00E-04,36.54,-5.20E-04,0,0,TRUE,0,0,0,0
1565838845460,-11.056,0.136,144.011,-4.00E-04,1,-4.00E-04,9.00E-04,36.44,-5.20E-04,0,0,TRUE,0,0,0,-7.53E-04
1565838845553,-11.057,0.136,144.416,-4.00E-04,1,-4.00E-04,9.00E-04,36.34,-5.20E-04,0,0,TRUE,0,0,0,-7.38E-04
1565838845642,-11.058,0.136,144.819,-4.00E-04,1,-4.00E-04,0.001,36.24,-5.20E-04,0,0,TRUE,0,0,0,-7.74E-04
1565838845729,-11.059,0.136,145.221,-4.00E-04,1,-4.00E-04,0.001,36.14,-5.20E-04,0,0,TRUE,0,0,0,-7.95E-04
1565838845820,-11.06,0.136,145.622,-4.00E-04,1,-5.00E-04,0.001,36.04,-5.20E-04,0,0,TRUE,0,0,0,-7.62E-04
1565838845908,-11.061,0.136,146.021,-4.00E-04,1,-5.00E-04,0.0011,35.94,-5.20E-04,0,0,TRUE,0,0,0,-7.91E-04
1565838845997,-11.062,0.136,146.42,-4.00E-04,1,-5.00E-04,0.0011,35.84,-5.20E-04,0,0,TRUE,0,0,0,-7.83E-04
1565838846088,-11.063,0.136,146.818,-4.00E-04,1,-4.00E-04,0.0011,35.73,-5.20E-04,0,0,TRUE,0,0,0,-8.43E-04
1565838846194,-11.064,0.136,147.214,-4.00E-04,1,-4.00E-04,0.0012,35.63,-4.10E-04,0,0,TRUE,0,0,0,-6.62E-04
1565838846337,-11.065,0.136,147.609,-4.00E-04,1,-4.00E-04,0.0012,35.53,7.00E-04,0,0,TRUE,0,0,0,-4.92E-04
1565838846467,-11.066,0.136,148.003,-4.00E-04,1,-4.00E-04,0.0012,35.43,0.00106,0,0,TRUE,0,0,0,-5.43E-04
1565838846555,-11.066,0.136,148.396,-5.00E-04,1,-4.00E-04,0.0011,35.33,0.00106,0,0,TRUE,0,0,0,0
1565838846644,-11.067,0.136,148.788,-4.00E-04,1,-4.00E-04,0.0011,35.23,0.00106,0,0,TRUE,0,0,0,-7.97E-04
1565838846734,-11.068,0.136,149.179,-4.00E-04,1,-4.00E-04,0.001,35.13,0.00106,0,0,TRUE,0,0,0,-7.89E-04
1565838846822,-11.068,0.136,149.569,-4.00E-04,1,-4.00E-04,9.00E-04,35.03,0.00106,0,0,TRUE,0,0,0,0
1565838846912,-11.069,0.136,149.957,-4.00E-04,1,-4.00E-04,8.00E-04,34.93,0.00106,0,0,TRUE,0,0,0,-7.96E-04
1565838847000,-11.069,0.136,150.345,-4.00E-04,1,-4.00E-04,7.00E-04,34.83,0.00106,0,0,TRUE,0,0,0,0
1565838847091,-11.07,0.136,150.731,-4.00E-04,1,-4.00E-04,6.00E-04,34.73,0.00106,0,0,TRUE,0,0,0,-7.90E-04
1565838847184,-11.07,0.136,151.116,-4.00E-04,1,-4.00E-04,6.00E-04,34.63,0.00106,0,0,TRUE,0,0,0,0
1565838847287,-11.07,0.136,151.501,-4.00E-04,1,-4.00E-04,5.00E-04,34.53,0.00106,0,0,TRUE,0,0,0,0
1565838847387,-11.07,0.136,151.884,-4.00E-04,1,-4.00E-04,4.00E-04,34.42,0.00106,0,0.063492775,TRUE,0,0,0,0
1565838847516,-11.07,0.136,152.265,-4.00E-04,1,-4.00E-04,3.00E-04,34.22,0.00106,0,0.1349203,TRUE,0,0,0,0
1565838847629,-11.07,0.136,152.643,-4.00E-04,1,-4.00E-04,2.00E-04,33.86,0.00106,0,0.1706264,TRUE,0,0,0,0
1565838847753,-11.07,0.136,153.016,-4.00E-04,1,-3.00E-04,1.00E-04,33.41,0.00106,0,0.25397116,TRUE,0,0,0,0
1565838847848,-11.07,0.136,153.383,-4.00E-04,1,-2.00E-04,0,32.79,0.00106,0,0.26984054,TRUE,0,0,0,0
1565838847942,-11.07,0.136,153.743,-4.00E-04,1,-1.00E-04,-1.00E-04,32.11,0.00106,0,0.2658732,TRUE,0,0,0,0
1565838848032,-11.07,0.136,154.095,-4.00E-04,1,-1.00E-04,-2.00E-04,31.43,0.00106,0,0.26984054,TRUE,0,0,0,0
1565838848139,-11.07,0.136,154.439,-4.00E-04,1,-1.00E-04,-3.00E-04,30.73,0.00106,0,0.3015793,TRUE,0,0,0,0
1565838848253,-11.069,0.136,154.776,-4.00E-04,1,-1.00E-04,-4.00E-04,29.99,0.00106,0,0.36110473,TRUE,0,0,0,-0.005347448
1565838848383,-11.069,0.136,155.103,-4.00E-04,1,-1.00E-04,-5.00E-04,29.13,8.80E-04,0,0.39284354,TRUE,0,0,0,0
1565838848526,-11.069,0.136,155.421,-4.00E-04,1,0,-5.00E-04,28.19,7.10E-04,0,0.44046694,TRUE,0,0,0,0
1565838848627,-11.068,0.136,155.727,-4.00E-04,1,1.00E-04,-6.00E-04,27.15,7.10E-04,0,0.42459756,TRUE,0,0,0,-0.009351086
1565838848758,-11.068,0.136,156.021,-4.00E-04,1,1.00E-04,-7.00E-04,26.1,7.10E-04,0,0.4007935,TRUE,0,0,0,0
1565838848888,-11.067,0.136,156.304,-4.00E-04,1,1.00E-04,-8.00E-04,25.11,7.10E-04,0,0.39284354,TRUE,0,0,0,-0.007470578
1565838848997,-11.067,0.136,156.577,-4.00E-04,1,1.00E-04,-9.00E-04,24.15,7.10E-04,0,0.35317004,TRUE,0,0,0,0
1565838849122,-11.066,0.136,156.839,-4.00E-04,1,0,-9.00E-04,23.25,7.10E-04,0,0.27380788,TRUE,0,0,0,-0.007636363
1565838849251,-11.066,0.136,157.092,-4.00E-04,1,0,-0.001,22.5,7.10E-04,0,0.1825437,TRUE,0,0,0,0
1565838849391,-11.065,0.136,157.338,-4.00E-04,1,-1.00E-04,-0.0011,21.95,7.10E-04,0,0,TRUE,0,0,0,-0.004437768
1565838849491,-11.064,0.136,157.58,-4.00E-04,1,-3.00E-04,-0.0011,21.75,7.10E-04,0,0,TRUE,0,0,0,-0.002294371
1565838849579,-11.064,0.136,157.821,-4.00E-04,1,-4.00E-04,-0.0012,21.65,7.10E-04,0,0,TRUE,0,0,0,0
1565838849675,-11.063,0.136,158.061,-4.00E-04,1,-5.00E-04,-0.0012,21.55,7.10E-04,0,0,TRUE,0,0,0,-0.001206087
1565838849766,-11.062,0.136,158.3,-4.00E-04,1,-5.00E-04,-0.0012,21.45,7.10E-04,0,0,TRUE,0,0,0,-0.001276474
1565838849861,-11.062,0.136,158.537,-4.00E-04,1,-5.00E-04,-0.0013,21.35,7.10E-04,0,0,TRUE,0,0,0,0
1565838849948,-11.061,0.136,158.774,-4.00E-04,1,-4.00E-04,-0.0013,21.25,7.10E-04,0,0,TRUE,0,0,0,-0.001347734
1565838850034,-11.06,0.136,159.009,-4.00E-04,1,-4.00E-04,-0.0013,21.15,7.10E-04,0,0,TRUE,0,0,0,-0.001373691
1565838850123,-11.06,0.136,159.244,-4.00E-04,1,-4.00E-04,-0.0014,21.05,7.10E-04,0,0,TRUE,0,0,0,0
1565838850211,-11.059,0.136,159.477,-4.00E-04,1,-4.00E-04,-0.0014,20.95,7.10E-04,0,0,TRUE,0,0,0,-0.001355254
1565838850298,-11.058,0.136,159.709,-4.00E-04,1,-4.00E-04,-0.0014,20.85,7.10E-04,0,0,TRUE,0,0,0,-0.001376808
1565838850389,-11.058,0.136,159.94,-4.00E-04,1,-4.00E-04,-0.0015,20.74,7.10E-04,0,0,TRUE,0,0,0,0
1565838850477,-11.057,0.136,160.17,-4.00E-04,1,-4.00E-04,-0.0015,20.64,7.10E-04,0,0,TRUE,0,0,0,-0.001371684
1565838850564,-11.056,0.136,160.399,-4.00E-04,1,-4.00E-04,-0.0015,20.54,7.10E-04,0,0,TRUE,0,0,0,-0.001394762
1565838850652,-11.055,0.136,160.626,-4.00E-04,1,-4.00E-04,-0.0016,20.44,7.10E-04,0,0,TRUE,0,0,0,-0.001389755
1565838850740,-11.054,0.136,160.853,-4.00E-04,1,-4.00E-04,-0.0016,20.34,7.10E-04,0,0,TRUE,0,0,0,-0.001391175
1565838850829,-11.054,0.136,161.078,-4.00E-04,1,-4.00E-04,-0.0016,20.24,7.10E-04,0,0,TRUE,0,0,0,0
1565838850916,-11.053,0.136,161.302,-4.00E-04,1,-4.00E-04,-0.0017,20.14,7.10E-04,0,0,TRUE,0,0,0,-0.001424593
1565838851005,-11.052,0.136,161.525,-4.00E-04,1,-4.00E-04,-0.0017,20.04,7.10E-04,0,0,TRUE,0,0,0,-0.001400177
1565838851092,-11.051,0.136,161.747,-4.00E-04,1,-4.00E-04,-0.0017,19.94,7.10E-04,0,0,TRUE,0,0,0,-0.001438791
1565838851182,-11.05,0.136,161.968,-4.00E-04,1,-4.00E-04,-0.0018,19.84,7.10E-04,0,0,TRUE,0,0,0,-0.001395742
1565838851268,-11.05,0.136,162.188,-4.00E-04,1,-4.00E-04,-0.0018,19.74,7.10E-04,0,0,TRUE,0,0,0,0
1565838851356,-11.049,0.136,162.407,-4.00E-04,1,-4.00E-04,-0.0018,19.64,7.10E-04,0,0,TRUE,0,0,0,-0.001441966
1565838851450,-11.048,0.136,162.624,-4.00E-04,1,-4.00E-04,-0.0019,19.54,7.10E-04,0,0,TRUE,0,0,0,-0.001361036
1565838851553,-11.047,0.136,162.841,-4.00E-04,1,-4.00E-04,-0.0019,19.43,7.10E-04,0,0,TRUE,0,0,0,-0.001367558
1565838851651,-11.046,0.136,163.056,-4.00E-04,1,-4.00E-04,-0.0019,19.33,7.10E-04,0,0,TRUE,0,0,0,-0.001318903
1565838851755,-11.045,0.136,163.27,-4.00E-04,1,-4.00E-04,-0.002,19.23,7.10E-04,0,0,TRUE,0,0,0,-0.001247382
1565838851869,-11.044,0.136,163.483,-4.00E-04,1,-4.00E-04,-0.002,19.13,7.10E-04,0,0,TRUE,0,0,0,-0.001144434
1565838851962,-11.043,0.136,163.695,-4.00E-04,1,-4.00E-04,-0.002,19.03,7.10E-04,0,0,TRUE,0,0,0,-0.001408047
1565838852048,-11.042,0.136,163.906,-4.00E-04,1,-4.00E-04,-0.0021,18.93,7.10E-04,0,0,TRUE,0,0,0,-0.001531412
1565838852136,-11.041,0.136,164.116,-4.00E-04,1,-4.00E-04,-0.0021,18.83,7.10E-04,0,0,TRUE,0,0,0,-0.001502351
1565838852225,-11.04,0.136,164.324,-4.00E-04,1,-4.00E-04,-0.0021,18.73,7.10E-04,0,0,TRUE,0,0,0,-0.001501067
1565838852312,-11.039,0.136,164.532,-4.00E-04,1,-4.00E-04,-0.0022,18.63,7.10E-04,0,0,TRUE,0,0,0,-0.001535687
1565838852404,-11.039,0.136,164.738,-4.00E-04,1,-4.00E-04,-0.0022,18.53,7.10E-04,0,0,TRUE,0,0,0,0
1565838852492,-11.038,0.136,164.943,-4.00E-04,1,-4.00E-04,-0.0022,18.43,7.10E-04,0,0,TRUE,0,0,0,-0.001539031
1565838852580,-11.037,0.136,165.147,-4.00E-04,1,-4.00E-04,-0.0023,18.33,7.10E-04,0,0,TRUE,0,0,0,-0.001547873
1565838852669,-11.036,0.136,165.35,-4.00E-04,1,-4.00E-04,-0.0023,18.22,7.10E-04,0,0,TRUE,0,0,0,-0.001690271
1565838852758,-11.035,0.136,165.552,-4.00E-04,1,-4.00E-04,-0.0023,18.12,7.10E-04,0,0,TRUE,0,0,0,-0.001545713
1565838852845,-11.034,0.136,165.753,-4.00E-04,1,-4.00E-04,-0.0024,18.02,7.10E-04,0,0,TRUE,0,0,0,-0.001587564
1565838852934,-11.033,0.136,165.952,-4.00E-04,1,-4.00E-04,-0.0024,17.92,7.10E-04,0,0,TRUE,0,0,0,-0.001569092
1565838853019,-11.032,0.136,166.151,-4.00E-04,1,-4.00E-04,-0.0024,17.82,7.10E-04,0,0,TRUE,0,0,0,-0.001642805
1565838853106,-11.031,0.136,166.348,-4.00E-04,1,-4.00E-04,-0.0025,17.72,7.10E-04,0,0,TRUE,0,0,0,-0.001619779
1565838853191,-11.029,0.136,166.545,-4.00E-04,1,-4.00E-04,-0.0025,17.62,7.10E-04,0,0,TRUE,0,0,0,-0.00331743
1565838853277,-11.028,0.136,166.74,-4.00E-04,1,-4.00E-04,-0.0025,17.52,7.10E-04,0,0,TRUE,0,0,0,-0.001656989
1565838853366,-11.027,0.136,166.934,-4.00E-04,1,-4.00E-04,-0.0025,17.42,7.10E-04,0,0,TRUE,0,0,0,-0.001607913
1565838853453,-11.026,0.136,167.127,-4.00E-04,1,-4.00E-04,-0.0026,17.32,7.10E-04,0,0,TRUE,0,0,0,-0.001655037
1565838853540,-11.025,0.136,167.318,-4.00E-04,1,-4.00E-04,-0.0026,17.22,7.10E-04,0,0,TRUE,0,0,0,-0.001672358
1565838853626,-11.024,0.136,167.509,-4.00E-04,1,-4.00E-04,-0.0026,17.12,7.10E-04,0,0,TRUE,0,0,0,-0.001690024
1565838853719,-11.023,0.136,167.699,-4.00E-04,1,-4.00E-04,-0.0027,17.02,7.10E-04,0,0,TRUE,0,0,0,-0.00157263
1565838853805,-11.022,0.136,167.887,-4.00E-04,1,-4.00E-04,-0.0027,16.91,7.10E-04,0,0,TRUE,0,0,0,-0.001888942
1565838853891,-11.021,0.136,168.074,-4.00E-04,1,-4.00E-04,-0.0027,16.81,7.10E-04,0,0,TRUE,0,0,0,-0.001727831
1565838853979,-11.02,0.136,168.26,-4.00E-04,1,-4.00E-04,-0.0028,16.71,7.10E-04,0,0,TRUE,0,0,0,-0.001696225
1565838854074,-11.019,0.136,168.446,-4.00E-04,1,-4.00E-04,-0.0028,16.61,7.10E-04,0,0,TRUE,0,0,0,-0.00157258
1565838854161,-11.018,0.136,168.629,-4.00E-04,1,-4.00E-04,-0.0028,16.51,7.10E-04,0,0,TRUE,0,0,0,-0.001745425
1565838854251,-11.017,0.136,168.812,-4.00E-04,1,-4.00E-04,-0.0028,16.41,7.10E-04,0,0,TRUE,0,0,0,-0.001685636
1565838854341,-11.016,0.136,168.994,-4.00E-04,1,-4.00E-04,-0.0029,16.31,7.10E-04,0,0,TRUE,0,0,0,-0.001696438
1565838854429,-11.015,0.136,169.175,-4.00E-04,1,-4.00E-04,-0.0029,16.21,7.10E-04,0,0,TRUE,0,0,0,-0.001742984
1565838854529,-11.013,0.136,169.354,-4.00E-04,1,-4.00E-04,-0.0029,16.11,7.10E-04,0,0.05952543,TRUE,0,0,0,-0.003104661
1565838854629,-11.012,0.136,169.532,-4.00E-04,1,-4.00E-04,-0.003,15.91,7.10E-04,0,0.07539481,TRUE,0,0,0,-0.003119456
1565838854739,-11.011,0.136,169.707,-4.00E-04,1,-4.00E-04,-0.003,15.65,7.10E-04,0,0.12698561,TRUE,0,0,0,-0.003753197
1565838854843,-11.01,0.136,169.878,-4.00E-04,1,-3.00E-04,-0.003,15.3,7.10E-04,0,0.16269171,TRUE,0,0,0,-0.005463564
1565838854933,-11.009,0.136,170.046,-4.00E-04,1,-3.00E-04,-0.0031,14.86,7.10E-04,0,0.1706264,TRUE,0,0,0,-0.008086652
1565838855021,-11.008,0.136,170.208,-4.00E-04,1,-2.00E-04,-0.0031,14.39,7.10E-04,0,0.1706264,TRUE,0,0,0,-0.009153436
1565838855111,-11.007,0.136,170.364,-4.00E-04,1,-2.00E-04,-0.0031,13.92,7.10E-04,0,0.1706264,TRUE,0,0,0,-0.009302054
1565838855207,-11.006,0.136,170.516,-4.00E-04,1,-2.00E-04,-0.0032,13.44,7.10E-04,0,0.1706264,TRUE,0,0,0,-0.009140449
1565838855306,-11.005,0.136,170.662,-4.00E-04,1,-2.00E-04,-0.0032,12.97,7.10E-04,0,0.18651104,TRUE,0,0,0,-0.009027542
1565838855405,-11.004,0.136,170.802,-4.00E-04,1,-2.00E-04,-0.0033,12.47,7.10E-04,0,0.21031511,TRUE,0,0,0,-0.010024683
1565838855521,-11.003,0.136,170.937,-4.00E-04,1,-2.00E-04,-0.0033,11.92,7.10E-04,0,0.27777523,TRUE,0,0,0,-0.0097507
1565838855621,-11.002,0.136,171.065,-4.00E-04,1,-2.00E-04,-0.0033,11.25,7.10E-04,0,0.309514,TRUE,0,0,0,-0.014544689
1565838855726,-11.001,0.136,171.185,-4.00E-04,1,-1.00E-04,-0.0034,10.48,7.10E-04,0,0.341268,TRUE,0,0,0,-0.016966095
1565838855837,-11.001,0.136,171.296,-4.00E-04,1,-1.00E-04,-0.0034,9.65,7.10E-04,0,0.39284354,TRUE,0,0,0,0
1565838855951,-11,0.136,171.397,-4.00E-04,1,0,-0.0035,8.72,7.10E-04,0,0.4444343,TRUE,0,0,0,-0.022444868
1565838856056,-10.999,0.136,171.487,-4.00E-04,1,1.00E-04,-0.0035,7.67,7.10E-04,0,0.48809034,TRUE,0,0,0,-0.030876031
1565838856149,-10.999,0.136,171.564,-4.00E-04,1,1.00E-04,-0.0036,6.52,7.10E-04,0,0.49999237,TRUE,0,0,0,0
1565838856253,-10.998,0.136,171.628,-4.00E-04,1,2.00E-04,-0.0036,5.33,7.10E-04,0,0.5312581,TRUE,0,0,0,-0.049621236
1565838856359,-10.998,0.136,171.679,-4.00E-04,1,2.00E-04,-0.0037,4.09,7.10E-04,0,0.5586023,TRUE,0,0,0,0
1565838856451,-10.998,0.136,171.715,-4.00E-04,1,2.00E-04,-0.0038,2.77,7.10E-04,0,0.5703212,TRUE,0,0,0,0
1565838856546,-10.997,0.136,171.737,-4.00E-04,1,2.00E-04,-0.0038,1.43,7.10E-04,0,0.5781338,TRUE,0,0,0,-0.17795923
1565838856639,-10.997,0.136,171.743,-4.00E-04,1,3.00E-04,-0.0039,0.07,7.10E-04,0,0.58985275,TRUE,0,0,0,0
1565838856727,-10.997,0.136,171.744,-4.00E-04,1,-1.00E-04,-0.0039,0.18,7.10E-04,0,0.58985275,TRUE,0,0,0,0
1565838856813,-10.997,0.136,171.744,-4.00E-04,1,-4.00E-04,-0.0039,0.18,7.10E-04,0,0.58985275,TRUE,0,0,0,NaN
1565838856899,-10.997,0.136,171.744,-4.00E-04,1,-6.00E-04,-0.0039,0.18,7.10E-04,0,0.58985275,TRUE,0,0,0,NaN
1565838856989,-10.997,0.136,171.744,-4.00E-04,1,-6.00E-04,-0.0039,0.18,7.10E-04,0,0.58594644,TRUE,0,0,0,NaN
1565838857088,-10.997,0.136,171.744,-4.00E-04,1,-5.00E-04,-0.0039,0.18,7.10E-04,0,0.58204013,TRUE,0,0,0,NaN
1565838857177,-10.997,0.136,171.744,-4.00E-04,1,-5.00E-04,-0.0039,0.18,7.10E-04,0,0.58204013,TRUE,0,0,0,NaN
1565838857266,-10.997,0.136,171.744,-4.00E-04,1,-5.00E-04,-0.0039,0.18,7.10E-04,0,0.5781338,TRUE,0,0,0,NaN
1565838857352,-10.997,0.136,171.745,-4.00E-04,1,-5.00E-04,-0.0039,0.18,7.10E-04,0,0.5781338,TRUE,0,0,0,0
1565838857439,-10.997,0.136,171.745,-4.00E-04,1,-5.00E-04,-0.0039,0.18,7.10E-04,0,0.5742275,TRUE,0,0,0,NaN
1565838857531,-10.997,0.136,171.745,-4.00E-04,1,-5.00E-04,-0.0039,0.17,7.10E-04,0,0.5625086,TRUE,0,0,0,NaN
1565838857638,-10.997,0.136,171.745,-4.00E-04,1,-5.00E-04,-0.0039,0.17,7.10E-04,0,0.5195392,TRUE,0,0,0,NaN
1565838857738,-10.997,0.136,171.745,-4.00E-04,1,-5.00E-04,-0.0039,0.14,7.10E-04,0,0.50391394,TRUE,0,0,0,NaN
1565838857829,-10.997,0.136,171.745,-4.00E-04,1,-5.00E-04,-0.0039,0.14,7.10E-04,0,0.5000076,TRUE,0,0,0,NaN
1565838857917,-10.997,0.136,171.745,-4.00E-04,1,-5.00E-04,-0.0039,0.13,7.10E-04,0,0.49999237,TRUE,0,0,0,NaN
1565838858003,-10.997,0.136,171.744,-4.00E-04,1,-5.00E-04,-0.0039,0.13,7.10E-04,0,0.49999237,TRUE,0,0,0,0
1565838858090,-10.997,0.136,171.744,-4.00E-04,1,-5.00E-04,-0.0039,0.13,7.10E-04,0,0.49999237,TRUE,0,0,0,NaN
1565838858181,-10.997,0.136,171.744,-4.00E-04,1,-5.00E-04,-0.0039,0.13,7.10E-04,0,0.50391394,TRUE,0,0,0,NaN
1565838858274,-10.997,0.136,171.744,-4.00E-04,1,-5.00E-04,-0.0039,0.14,7.10E-04,0,0.5000076,TRUE,0,0,0,NaN
1565838858369,-10.997,0.136,171.744,-4.00E-04,1,-5.00E-04,-0.0039,0.13,7.10E-04,0,0.5000076,TRUE,0,0,0,NaN
1565838858455,-10.997,0.136,171.744,-4.00E-04,1,-5.00E-04,-0.0039,0.13,7.10E-04,0,0.5000076,TRUE,0,0,0,NaN
1565838858543,-10.997,0.136,171.744,-4.00E-04,1,-5.00E-04,-0.0039,0.13,7.10E-04,0,0.5000076,TRUE,0,0,0,NaN
1565838858634,-10.997,0.136,171.744,-4.00E-04,1,-5.00E-04,-0.0039,0.13,7.10E-04,0,0.50391394,TRUE,0,0,0,NaN
1565838858722,-10.997,0.136,171.744,-4.00E-04,1,-5.00E-04,-0.0039,0.14,7.10E-04,0,0.50391394,TRUE,0,0,0,NaN
1565838858810,-10.997,0.136,171.743,-4.00E-04,1,-5.00E-04,-0.0039,0.14,7.10E-04,0,0.50391394,TRUE,0,0,0,0
1565838858900,-10.997,0.136,171.743,-4.00E-04,1,-5.00E-04,-0.0039,0.14,7.10E-04,0,0.5000076,TRUE,0,0,0,NaN
1565838858990,-10.997,0.136,171.743,-4.00E-04,1,-5.00E-04,-0.0039,0.13,7.10E-04,0,0.5000076,TRUE,0,0,0,NaN
1565838859082,-10.997,0.136,171.743,-4.00E-04,1,-5.00E-04,-0.0039,0.13,7.10E-04,0,0.49602503,TRUE,0,0,0,NaN
1565838859171,-10.997,0.136,171.743,-4.00E-04,1,-5.00E-04,-0.0039,0.13,7.10E-04,0,0.49602503,TRUE,0,0,0,NaN
1565838859263,-10.997,0.136,171.743,-4.00E-04,1,-5.00E-04,-0.0039,0.13,7.10E-04,0,0.48015565,TRUE,0,0,0,NaN
1565838859358,-10.997,0.136,171.743,-4.00E-04,1,-5.00E-04,-0.0039,0.12,7.10E-04,0,0.48015565,TRUE,0,0,0,NaN
1565838859446,-10.997,0.136,171.743,-4.00E-04,1,-5.00E-04,-0.0039,0.12,7.10E-04,0,0.48015565,TRUE,0,0,0,NaN
1565838859536,-10.997,0.136,171.742,-4.00E-04,1,-5.00E-04,-0.0039,0.12,7.10E-04,0,0.48015565,TRUE,0,0,0,0
1565838859625,-10.997,0.136,171.742,-4.00E-04,1,-5.00E-04,-0.0039,0.12,7.10E-04,0,0.4761883,TRUE,0,0,0,NaN
1565838859715,-10.997,0.136,171.742,-4.00E-04,1,-5.00E-04,-0.0039,0.12,7.10E-04,0,0.47222096,TRUE,0,0,0,NaN
1565838859808,-10.997,0.136,171.742,-4.00E-04,1,-5.00E-04,-0.0039,0.12,7.10E-04,0,0.4761883,TRUE,0,0,0,NaN
1565838859893,-10.997,0.136,171.742,-4.00E-04,1,-5.00E-04,-0.0039,0.12,7.10E-04,0,0.4761883,TRUE,0,0,0,NaN
1565838859985,-10.997,0.136,171.741,-4.00E-04,1,-5.00E-04,-0.0039,0.12,7.10E-04,0,0.47222096,TRUE,0,0,0,0
1565838860072,-10.997,0.136,171.741,-4.00E-04,1,-5.00E-04,-0.0039,0.12,7.10E-04,0,0.47222096,TRUE,0,0,0,NaN
1565838860162,-10.997,0.136,171.741,-4.00E-04,1,-5.00E-04,-0.0039,0.12,7.10E-04,0,0.47222096,TRUE,0,0,0,NaN
1565838860246,-10.997,0.136,171.741,-4.00E-04,1,-5.00E-04,-0.0039,0.12,7.10E-04,0,0.47222096,TRUE,0,0,0,NaN
1565838860343,-10.997,0.136,171.741,-4.00E-04,1,-5.00E-04,-0.0039,0.12,7.10E-04,0,0.4761883,TRUE,0,0,0,NaN
1565838860434,-10.997,0.136,171.74,-4.00E-04,1,-5.00E-04,-0.0039,0.12,7.10E-04,0,0.484123,TRUE,0,0,0,0
1565838860526,-10.997,0.136,171.74,-4.00E-04,1,-5.00E-04,-0.0039,0.12,7.10E-04,0,0.48809034,TRUE,0,0,0,NaN
1565838860617,-10.997,0.136,171.74,-4.00E-04,1,-5.00E-04,-0.0039,0.13,7.10E-04,0,0.48809034,TRUE,0,0,0,NaN
1565838860708,-10.997,0.136,171.74,-4.00E-04,1,-5.00E-04,-0.0039,0.13,7.10E-04,0,0.48809034,TRUE,0,0,0,NaN
1565838860794,-10.997,0.136,171.74,-4.00E-04,1,-5.00E-04,-0.0039,0.13,7.10E-04,0,0.48809034,TRUE,0,0,0,NaN
1565838860891,-10.997,0.136,171.74,-4.00E-04,1,-5.00E-04,-0.0039,0.13,7.10E-04,0,0.49205768,TRUE,0,0,0,NaN
1565838860983,-10.997,0.136,171.739,-4.00E-04,1,-5.00E-04,-0.0039,0.13,7.10E-04,0,0.48015565,TRUE,0,0,0,0
1565838861075,-10.997,0.136,171.739,-4.00E-04,1,-5.00E-04,-0.0039,0.12,7.10E-04,0,0.4761883,TRUE,0,0,0,NaN
1565838861162,-10.997,0.136,171.739,-4.00E-04,1,-5.00E-04,-0.0039,0.12,7.10E-04,0,0.4761883,TRUE,0,0,0,NaN
1565838861249,-10.997,0.136,171.739,-4.00E-04,1,-5.00E-04,-0.0039,0.12,7.10E-04,0,0.4761883,TRUE,0,0,0,NaN
1565838861340,-10.997,0.136,171.739,-4.00E-04,1,-5.00E-04,-0.0039,0.12,7.10E-04,0,0.4682536,TRUE,0,0,0,NaN
1565838861439,-10.997,0.136,171.738,-4.00E-04,1,-5.00E-04,-0.0039,0.12,7.10E-04,0,0.464271,TRUE,0,0,0,0
1565838861537,-10.997,0.136,171.738,-4.00E-04,1,-5.00E-04,-0.0039,0.11,7.50E-04,0,0.464271,TRUE,0,0,0,NaN
1565838861677,-10.997,0.136,171.738,-4.00E-04,1,-5.00E-04,-0.0039,0.11,0.00132,0,0.464271,TRUE,0,0,0,NaN
1565838861804,-10.997,0.136,171.738,-4.00E-04,1,-5.00E-04,-0.0039,0.11,0.00162,0,0.4682536,TRUE,0,0,0,NaN
1565838861897,-10.997,0.136,171.738,-4.00E-04,1,-5.00E-04,-0.0039,0.12,0.00162,0,0.4682536,TRUE,0,0,0,NaN
1565838861985,-10.997,0.136,171.737,-4.00E-04,1,-5.00E-04,-0.0039,0.12,0.00162,0,0.4682536,TRUE,0,0,0,0
1565838862079,-10.997,0.136,171.737,-4.00E-04,1,-5.00E-04,-0.0039,0.12,0.00162,0,0.46030366,TRUE,0,0,0,NaN
1565838862167,-10.997,0.136,171.737,-4.00E-04,1,-5.00E-04,-0.0039,0.11,0.00162,0,0.464271,TRUE,0,0,0,NaN
1565838862256,-10.997,0.136,171.737,-4.00E-04,1,-5.00E-04,-0.0039,0.11,0.00162,0,0.4682536,TRUE,0,0,0,NaN
1565838862346,-10.997,0.136,171.737,-4.00E-04,1,-5.00E-04,-0.0039,0.12,0.00162,0,0.47222096,TRUE,0,0,0,NaN
1565838862441,-10.997,0.136,171.736,-4.00E-04,1,-5.00E-04,-0.0039,0.12,0.00162,0,0.464271,TRUE,0,0,0,0
1565838862534,-10.997,0.136,171.736,-4.00E-04,1,-5.00E-04,-0.0039,0.11,0.00162,0,0.464271,TRUE,0,0,0,NaN
1565838862626,-10.997,0.136,171.736,-4.00E-04,1,-5.00E-04,-0.0039,0.11,0.00162,0,0.46030366,TRUE,0,0,0,NaN
1565838862712,-10.997,0.136,171.736,-4.00E-04,1,-5.00E-04,-0.0039,0.11,0.00162,0,0.46030366,TRUE,0,0,0,NaN
1565838862802,-10.997,0.136,171.735,-4.00E-04,1,-5.00E-04,-0.0039,0.11,0.00162,0,0.464271,TRUE,0,0,0,0
1565838862891,-10.997,0.136,171.735,-4.00E-04,1,-5.00E-04,-0.0039,0.11,0.00162,0,0.4682536,TRUE,0,0,0,NaN
1565838862978,-10.997,0.136,171.735,-4.00E-04,1,-5.00E-04,-0.0039,0.12,0.00162,0,0.4682536,TRUE,0,0,0,NaN
1565838863068,-10.997,0.136,171.735,-4.00E-04,1,-5.00E-04,-0.0039,0.12,0.00162,0,0.4682536,TRUE,0,0,0,NaN
1565838863158,-10.997,0.136,171.735,-4.00E-04,1,-5.00E-04,-0.0039,0.12,0.00162,0,0.47222096,TRUE,0,0,0,NaN
1565838863250,-10.997,0.136,171.734,-4.00E-04,1,-5.00E-04,-0.0039,0.12,0.00162,0,0.47222096,TRUE,0,0,0,0
1565838863342,-10.997,0.136,171.734,-4.00E-04,1,-5.00E-04,-0.0039,0.12,0.00162,0,0.47222096,TRUE,0,0,0,NaN
1565838863443,-10.997,0.136,171.734,-4.00E-04,1,-5.00E-04,-0.0039,0.12,0.00162,0,0.4761883,TRUE,0,0,0,NaN
1565838863533,-10.997,0.136,171.734,-4.00E-04,1,-5.00E-04,-0.0039,0.12,0.00162,0,0.48015565,TRUE,0,0,0,NaN
1565838863623,-10.997,0.136,171.734,-4.00E-04,1,-5.00E-04,-0.0039,0.12,0.00162,0,0.47222096,TRUE,0,0,0,NaN
1565838863714,-10.997,0.136,171.733,-4.00E-04,1,-5.00E-04,-0.0039,0.12,0.00162,0,0.4761883,TRUE,0,0,0,0
1565838863801,-10.997,0.136,171.733,-4.00E-04,1,-5.00E-04,-0.0039,0.12,0.00162,0,0.4761883,TRUE,0,0,0,NaN
1565838863895,-10.997,0.136,171.733,-4.00E-04,1,-5.00E-04,-0.0039,0.12,0.00162,0,0.4761883,TRUE,0,0,0,NaN
1565838863982,-10.998,0.136,171.733,-4.00E-04,1,-5.00E-04,-0.0039,0.12,0.00162,0,0.4761883,TRUE,0,0,0,0
1565838864069,-10.998,0.136,171.733,-4.00E-04,1,-5.00E-04,-0.0039,0.12,0.00162,0,0.4761883,TRUE,0,0,0,NaN
1565838864155,-10.998,0.136,171.732,-4.00E-04,1,-5.00E-04,-0.0039,0.12,0.00162,0,0.4761883,TRUE,0,0,0,0
1565838864240,-10.998,0.136,171.732,-4.00E-04,1,-5.00E-04,-0.0039,0.12,0.00162,0,0.4761883,TRUE,0,0,0,NaN
1565838864329,-10.998,0.136,171.732,-4.00E-04,1,-5.00E-04,-0.0039,0.12,0.00162,0,0.4761883,TRUE,0,0,0,NaN
1565838864421,-10.998,0.136,171.732,-4.00E-04,1,-5.00E-04,-0.0039,0.12,0.00162,0,0.4761883,TRUE,0,0,0,NaN
1565838864508,-10.998,0.136,171.732,-4.00E-04,1,-5.00E-04,-0.0039,0.12,0.00162,0,0.4761883,TRUE,0,0,0,NaN
1565838864595,-10.998,0.136,171.731,-4.00E-04,1,-5.00E-04,-0.0039,0.12,0.00162,0,0.4761883,TRUE,0,0,0,0
1565838864682,-10.998,0.136,171.731,-4.00E-04,1,-5.00E-04,-0.0039,0.12,0.00162,0,0.4761883,TRUE,0,0,0,NaN
1565838864771,-10.998,0.136,171.731,-4.00E-04,1,-5.00E-04,-0.0039,0.12,0.00162,0,0.4761883,TRUE,0,0,0,NaN
1565838864858,-10.998,0.136,171.731,-4.00E-04,1,-5.00E-04,-0.0039,0.12,0.00162,0,0.4761883,TRUE,0,0,0,NaN
1565838864945,-10.998,0.136,171.731,-4.00E-04,1,-5.00E-04,-0.0039,0.12,0.00162,0,0.4761883,TRUE,0,0,0,NaN
1565838865037,-10.998,0.136,171.731,-4.00E-04,1,-5.00E-04,-0.0039,0.12,0.00162,0,0.4761883,TRUE,0,0,0,NaN
1565838865122,-10.998,0.136,171.73,-4.00E-04,1,-5.00E-04,-0.0039,0.12,0.00162,0,0.4761883,TRUE,0,0,0,0
1565838865213,-10.998,0.136,171.73,-4.00E-04,1,-5.00E-04,-0.0039,0.12,0.00162,0,0.4761883,TRUE,0,0,0,NaN
1565838865299,-10.998,0.136,171.73,-4.00E-04,1,-5.00E-04,-0.0039,0.12,0.00162,0,0.4761883,TRUE,0,0,0,NaN
1565838865389,-10.998,0.136,171.73,-4.00E-04,1,-5.00E-04,-0.0039,0.12,0.00162,0,0.4761883,TRUE,0,0,0,NaN
1565838865475,-10.998,0.136,171.73,-4.00E-04,1,-5.00E-04,-0.0039,0.12,0.00162,0,0.4761883,TRUE,0,0,0,NaN
1565838865560,-10.998,0.136,171.729,-4.00E-04,1,-5.00E-04,-0.0039,0.12,0.00162,0,0.4761883,TRUE,0,0,0,0
1565838865652,-10.998,0.136,171.729,-4.00E-04,1,-5.00E-04,-0.0039,0.12,0.00162,0,0.4761883,TRUE,0,0,0,NaN
1565838865739,-10.998,0.136,171.729,-4.00E-04,1,-5.00E-04,-0.0039,0.12,0.00162,0,0.4761883,TRUE,0,0,0,NaN
1565838865831,-10.998,0.136,171.729,-4.00E-04,1,-5.00E-04,-0.0039,0.12,0.00162,0,0.4761883,TRUE,0,0,0,NaN
1565838865922,-10.998,0.136,171.729,-4.00E-04,1,-5.00E-04,-0.0039,0.12,0.00162,0,0.47222096,TRUE,0,0,0,NaN
1565838866012,-10.998,0.136,171.729,-4.00E-04,1,-5.00E-04,-0.0039,0.12,0.00162,0,0.4761883,TRUE,0,0,0,NaN
1565838866102,-10.998,0.136,171.728,-4.00E-04,1,-5.00E-04,-0.0039,0.12,0.00162,0,0.4761883,TRUE,0,0,0,0
1565838866190,-10.998,0.136,171.728,-4.00E-04,1,-5.00E-04,-0.0039,0.12,0.00162,0,0.4761883,TRUE,0,0,0,NaN
1565838866276,-10.998,0.136,171.728,-4.00E-04,1,-5.00E-04,-0.0039,0.12,0.00162,0,0.4761883,TRUE,0,0,0,NaN
1565838866372,-10.998,0.136,171.728,-4.00E-04,1,-5.00E-04,-0.0039,0.12,0.00162,0,0.47222096,TRUE,0,0,0,NaN
1565838866460,-10.998,0.136,171.728,-4.00E-04,1,-5.00E-04,-0.0039,0.12,0.00162,0,0.47222096,TRUE,0,0,0,NaN
1565838866559,-10.998,0.136,171.727,-4.00E-04,1,-5.00E-04,-0.0039,0.12,0.00162,0,0.4761883,TRUE,0,0,0,0
1565838866648,-10.998,0.136,171.727,-4.00E-04,1,-5.00E-04,-0.0039,0.12,0.00162,0,0.4761883,TRUE,0,0,0,NaN
1565838866740,-10.998,0.136,171.727,-4.00E-04,1,-5.00E-04,-0.0039,0.12,0.00162,0,0.47222096,TRUE,0,0,0,NaN
1565838866827,-10.998,0.136,171.727,-4.00E-04,1,-5.00E-04,-0.0039,0.12,0.00162,0,0.47222096,TRUE,0,0,0,NaN
1565838866914,-10.998,0.136,171.727,-4.00E-04,1,-5.00E-04,-0.0039,0.12,0.00162,0,0.47222096,TRUE,0,0,0,NaN
1565838867011,-10.998,0.136,171.726,-4.00E-04,1,-5.00E-04,-0.0039,0.12,0.00162,0,0.4761883,TRUE,0,0,0,0
1565838867099,-10.998,0.136,171.726,-4.00E-04,1,-5.00E-04,-0.0039,0.12,0.00162,0,0.4761883,TRUE,0,0,0,NaN
1565838867185,-10.998,0.136,171.726,-4.00E-04,1,-5.00E-04,-0.0039,0.12,0.00162,0,0.4761883,TRUE,0,0,0,NaN
1565838867273,-10.998,0.136,171.726,-4.00E-04,1,-5.00E-04,-0.0039,0.12,0.00162,0,0.4761883,TRUE,0,0,0,NaN
1565838867359,-10.998,0.136,171.726,-4.00E-04,1,-5.00E-04,-0.0039,0.12,0.00162,0,0.4761883,TRUE,0,0,0,NaN
1565838867450,-10.998,0.136,171.725,-4.00E-04,1,-5.00E-04,-0.0039,0.12,0.00162,0,0.4761883,TRUE,0,0,0,0
1565838867540,-10.998,0.136,171.725,-4.00E-04,1,-5.00E-04,-0.0039,0.12,0.00162,0,0.4761883,TRUE,0,0,0,NaN
1565838867632,-10.998,0.136,171.725,-4.00E-04,1,-5.00E-04,-0.0039,0.12,0.00162,0,0.4761883,TRUE,0,0,0,NaN
1565838867724,-10.998,0.136,171.725,-4.00E-04,1,-5.00E-04,-0.0039,0.12,0.00162,0,0.4761883,TRUE,0,0,0,NaN
1565838867812,-10.998,0.136,171.725,-4.00E-04,1,-5.00E-04,-0.0039,0.12,0.00162,0,0.4761883,TRUE,0,0,0,NaN
1565838867899,-10.998,0.136,171.725,-4.00E-04,1,-5.00E-04,-0.0039,0.12,0.00162,0,0.4761883,TRUE,0,0,0,NaN
1565838867988,-10.998,0.136,171.724,-4.00E-04,1,-5.00E-04,-0.0039,0.12,0.00162,0,0.4761883,TRUE,0,0,0,0
1565838868075,-10.998,0.136,171.724,-4.00E-04,1,-5.00E-04,-0.0039,0.12,0.00162,0,0.47222096,TRUE,0,0,0,NaN
1565838868162,-10.998,0.136,171.724,-4.00E-04,1,-5.00E-04,-0.0039,0.12,0.00162,0,0.47222096,TRUE,0,0,0,NaN
1565838868252,-10.998,0.136,171.724,-4.00E-04,1,-5.00E-04,-0.0039,0.12,0.00162,0,0.47222096,TRUE,0,0,0,NaN
1565838868343,-10.998,0.136,171.724,-4.00E-04,1,-5.00E-04,-0.0039,0.12,0.00162,0,0.47222096,TRUE,0,0,0,NaN
1565838868431,-10.998,0.136,171.723,-4.00E-04,1,-5.00E-04,-0.0039,0.12,0.00162,0,0.47222096,TRUE,0,0,0,0
1565838868518,-10.998,0.136,171.723,-4.00E-04,1,-5.00E-04,-0.0039,0.12,0.00162,0,0.47222096,TRUE,0,0,0,NaN
1565838868605,-10.998,0.136,171.723,-4.00E-04,1,-5.00E-04,-0.0039,0.12,0.00162,0,0.47222096,TRUE,0,0,0,NaN
1565838868699,-10.998,0.136,171.723,-4.00E-04,1,-5.00E-04,-0.0039,0.12,0.00162,0,0.4761883,TRUE,0,0,0,NaN
1565838868785,-10.998,0.136,171.722,-4.00E-04,1,-5.00E-04,-0.0039,0.12,0.00162,0,0.4761883,TRUE,0,0,0,0
1565838868870,-10.998,0.136,171.722,-4.00E-04,1,-5.00E-04,-0.0039,0.12,0.00162,0,0.4761883,TRUE,0,0,0,NaN
1565838868958,-10.998,0.136,171.722,-4.00E-04,1,-5.00E-04,-0.0039,0.12,0.00162,0,0.4761883,TRUE,0,0,0,NaN
1565838869046,-10.998,0.136,171.722,-4.00E-04,1,-5.00E-04,-0.0039,0.12,0.00162,0,0.4761883,TRUE,0,0,0,NaN
1565838869134,-10.998,0.136,171.722,-4.00E-04,1,-5.00E-04,-0.0039,0.12,0.00162,0,0.4761883,TRUE,0,0,0,NaN
1565838869220,-10.998,0.136,171.722,-4.00E-04,1,-5.00E-04,-0.0039,0.12,0.00162,0,0.4761883,TRUE,0,0,0,NaN
1565838869313,-10.998,0.136,171.721,-4.00E-04,1,-5.00E-04,-0.0039,0.12,0.00162,0,0.47222096,TRUE,0,0,0,0
1565838869400,-10.998,0.136,171.721,-4.00E-04,1,-5.00E-04,-0.0039,0.12,0.00162,0,0.47222096,TRUE,0,0,0,NaN
1565838869490,-10.998,0.136,171.721,-4.00E-04,1,-5.00E-04,-0.0039,0.12,0.00162,0,0.47222096,TRUE,0,0,0,NaN
1565838869577,-10.998,0.136,171.721,-4.00E-04,1,-5.00E-04,-0.0039,0.12,0.00162,0,0.47222096,TRUE,0,0,0,NaN
1565838869666,-10.998,0.136,171.721,-4.00E-04,1,-5.00E-04,-0.0039,0.12,0.00162,0,0.4761883,TRUE,0,0,0,NaN
1565838869754,-10.998,0.136,171.72,-4.00E-04,1,-5.00E-04,-0.0039,0.12,0.00162,0,0.4761883,TRUE,0,0,0,0
1565838869843,-10.998,0.136,171.72,-4.00E-04,1,-5.00E-04,-0.0039,0.12,0.00162,0,0.4761883,TRUE,0,0,0,NaN
1565838869937,-10.998,0.136,171.72,-4.00E-04,1,-5.00E-04,-0.0039,0.12,0.00162,0,0.47222096,TRUE,0,0,0,NaN
1565838870032,-10.998,0.136,171.72,-4.00E-04,1,-5.00E-04,-0.0039,0.12,0.00162,0,0.4761883,TRUE,0,0,0,NaN
1565838870116,-10.998,0.136,171.72,-4.00E-04,1,-5.00E-04,-0.0039,0.12,0.00162,0,0.4761883,TRUE,0,0,0,NaN
1565838870204,-10.998,0.136,171.719,-4.00E-04,1,-5.00E-04,-0.0039,0.12,0.00162,0,0.4761883,TRUE,0,0,0,0
1565838870290,-10.998,0.136,171.719,-4.00E-04,1,-5.00E-04,-0.0039,0.12,0.00162,0,0.4761883,TRUE,0,0,0,NaN
1565838870376,-10.998,0.136,171.719,-4.00E-04,1,-5.00E-04,-0.0039,0.12,0.00162,0,0.4761883,TRUE,0,0,0,NaN
1565838870465,-10.998,0.136,171.719,-4.00E-04,1,-5.00E-04,-0.0039,0.12,0.00162,0,0.47222096,TRUE,0,0,0,NaN
1565838870552,-10.998,0.136,171.719,-4.00E-04,1,-5.00E-04,-0.0039,0.12,0.00162,0,0.47222096,TRUE,0,0,0,NaN
1565838870641,-10.998,0.136,171.718,-4.00E-04,1,-5.00E-04,-0.0039,0.12,0.00162,0,0.47222096,TRUE,0,0,0,0
1565838870732,-10.998,0.136,171.718,-4.00E-04,1,-5.00E-04,-0.0039,0.12,0.00162,0,0.4761883,TRUE,0,0,0,NaN
1565838870826,-10.998,0.136,171.718,-4.00E-04,1,-5.00E-04,-0.0039,0.12,0.00162,0,0.4761883,TRUE,0,0,0,NaN
1565838870912,-10.998,0.136,171.718,-4.00E-04,1,-5.00E-04,-0.0039,0.12,0.00162,0,0.4761883,TRUE,0,0,0,NaN
1565838871000,-10.998,0.136,171.718,-4.00E-04,1,-5.00E-04,-0.0039,0.12,0.00162,0,0.4761883,TRUE,0,0,0,NaN
1565838871085,-10.998,0.136,171.717,-4.00E-04,1,-5.00E-04,-0.0039,0.12,0.00162,0,0.4761883,TRUE,0,0,0,0
1565838871175,-10.998,0.136,171.717,-4.00E-04,1,-5.00E-04,-0.0039,0.12,0.00162,0,0.47222096,TRUE,0,0,0,NaN
1565838871263,-10.998,0.136,171.717,-4.00E-04,1,-5.00E-04,-0.0039,0.12,0.00162,0,0.4761883,TRUE,0,0,0,NaN
1565838871350,-10.998,0.136,171.717,-4.00E-04,1,-5.00E-04,-0.0039,0.12,0.00162,0,0.4761883,TRUE,0,0,0,NaN
1565838871444,-10.998,0.136,171.717,-4.00E-04,1,-5.00E-04,-0.0039,0.12,0.00162,0,0.4761883,TRUE,0,0,0,NaN
1565838871531,-10.998,0.136,171.717,-4.00E-04,1,-5.00E-04,-0.0039,0.12,0.00162,0,0.4761883,TRUE,0,0,0,NaN
1565838871623,-10.998,0.136,171.716,-4.00E-04,1,-5.00E-04,-0.0039,0.12,0.00162,0,0.4761883,TRUE,0,0,0,0
1565838871711,-10.998,0.136,171.716,-4.00E-04,1,-5.00E-04,-0.0039,0.12,0.00162,0,0.4761883,TRUE,0,0,0,NaN
1565838871800,-10.998,0.136,171.716,-4.00E-04,1,-5.00E-04,-0.0039,0.12,0.00162,0,0.47222096,TRUE,0,0,0,NaN
1565838871887,-10.998,0.136,171.716,-4.00E-04,1,-5.00E-04,-0.0039,0.12,0.00162,0,0.47222096,TRUE,0,0,0,NaN
1565838871975,-10.998,0.136,171.716,-4.00E-04,1,-5.00E-04,-0.0039,0.12,0.00162,0,0.47222096,TRUE,0,0,0,NaN
1565838872068,-10.998,0.136,171.715,-4.00E-04,1,-5.00E-04,-0.0039,0.12,0.00162,0,0.47222096,TRUE,0,0,0,0
1565838872157,-10.998,0.136,171.715,-4.00E-04,1,-5.00E-04,-0.0039,0.12,0.00162,0,0.47222096,TRUE,0,0,0,NaN
1565838872245,-10.998,0.136,171.715,-4.00E-04,1,-5.00E-04,-0.0039,0.12,0.00162,0,0.47222096,TRUE,0,0,0,NaN
1565838872332,-10.998,0.136,171.715,-4.00E-04,1,-5.00E-04,-0.0039,0.12,0.00162,0,0.47222096,TRUE,0,0,0,NaN
1565838872419,-10.998,0.136,171.715,-4.00E-04,1,-5.00E-04,-0.0039,0.12,0.00162,0,0.47222096,TRUE,0,0,0,NaN
1565838872508,-10.998,0.136,171.714,-4.00E-04,1,-5.00E-04,-0.0039,0.12,0.00162,0,0.47222096,TRUE,0,0,0,0
1565838872595,-10.998,0.136,171.714,-4.00E-04,1,-5.00E-04,-0.0039,0.12,0.00162,0,0.47222096,TRUE,0,0,0,NaN
1565838872686,-10.998,0.136,171.714,-4.00E-04,1,-5.00E-04,-0.0039,0.12,0.00162,0,0.4761883,TRUE,0,0,0,NaN
1565838872773,-10.998,0.136,171.714,-4.00E-04,1,-5.00E-04,-0.0039,0.12,0.00162,0,0.4761883,TRUE,0,0,0,NaN
1565838872866,-10.998,0.136,171.713,-4.00E-04,1,-5.00E-04,-0.0039,0.12,0.00162,0,0.48015565,TRUE,0,0,0,0
1565838872952,-10.998,0.136,171.713,-4.00E-04,1,-5.00E-04,-0.0039,0.12,0.00162,0,0.48015565,TRUE,0,0,0,NaN
1565838873045,-10.998,0.136,171.713,-4.00E-04,1,-5.00E-04,-0.0039,0.12,0.00162,0,0.4761883,TRUE,0,0,0,NaN
1565838873134,-10.998,0.136,171.713,-4.00E-04,1,-5.00E-04,-0.0039,0.12,0.00162,0,0.48015565,TRUE,0,0,0,NaN
1565838873220,-10.998,0.136,171.713,-4.00E-04,1,-5.00E-04,-0.0039,0.12,0.00162,0,0.48015565,TRUE,0,0,0,NaN
1565838873306,-10.998,0.136,171.713,-4.00E-04,1,-5.00E-04,-0.0039,0.12,0.00162,0,0.48015565,TRUE,0,0,0,NaN
1565838873393,-10.998,0.136,171.712,-4.00E-04,1,-5.00E-04,-0.0039,0.12,0.00162,0,0.48015565,TRUE,0,0,0,0
1565838873483,-10.998,0.136,171.712,-4.00E-04,1,-5.00E-04,-0.0039,0.12,0.00162,0,0.4761883,TRUE,0,0,0,NaN
1565838873571,-10.998,0.136,171.712,-4.00E-04,1,-5.00E-04,-0.0039,0.12,0.00162,0,0.4761883,TRUE,0,0,0,NaN
1565838873658,-10.998,0.136,171.712,-4.00E-04,1,-5.00E-04,-0.0039,0.12,0.00162,0,0.4761883,TRUE,0,0,0,NaN
1565838873755,-10.998,0.136,171.712,-4.00E-04,1,-5.00E-04,-0.0039,0.12,0.00162,0,0.4761883,TRUE,0,0,0,NaN
1565838873845,-10.998,0.136,171.711,-4.00E-04,1,-5.00E-04,-0.0039,0.12,0.00162,0,0.48015565,TRUE,0,0,0,0
1565838873939,-10.998,0.136,171.711,-4.00E-04,1,-5.00E-04,-0.0039,0.12,0.00162,0,0.4761883,TRUE,0,0,0,NaN
1565838874030,-10.998,0.136,171.711,-4.00E-04,1,-5.00E-04,-0.0039,0.12,0.00162,0,0.4682536,TRUE,0,0,0,NaN
1565838874122,-10.998,0.136,171.711,-4.00E-04,1,-5.00E-04,-0.0039,0.12,0.00162,0,0.48015565,TRUE,0,0,0,NaN
1565838874210,-10.998,0.136,171.711,-4.00E-04,1,-5.00E-04,-0.0039,0.12,0.00162,0,0.4761883,TRUE,0,0,0,NaN
1565838874300,-10.998,0.136,171.711,-4.00E-04,1,-5.00E-04,-0.0039,0.12,0.00162,0,0.48015565,TRUE,0,0,0,NaN
1565838874385,-10.998,0.136,171.71,-4.00E-04,1,-5.00E-04,-0.0039,0.12,0.00162,0,0.48015565,TRUE,0,0,0,0
1565838874474,-10.998,0.136,171.71,-4.00E-04,1,-5.00E-04,-0.0039,0.12,0.00162,0,0.47222096,TRUE,0,0,0,NaN
1565838874564,-10.998,0.136,171.71,-4.00E-04,1,-5.00E-04,-0.0039,0.12,0.00162,0,0.48015565,TRUE,0,0,0,NaN
1565838874654,-10.998,0.136,171.71,-4.00E-04,1,-5.00E-04,-0.0039,0.12,0.00162,0,0.4761883,TRUE,0,0,0,NaN
1565838874743,-10.998,0.136,171.71,-4.00E-04,1,-5.00E-04,-0.0039,0.12,0.00162,0,0.4761883,TRUE,0,0,0,NaN
1565838874833,-10.998,0.136,171.709,-4.00E-04,1,-5.00E-04,-0.0039,0.12,0.00162,0,0.4761883,TRUE,0,0,0,0
1565838874920,-10.998,0.136,171.709,-4.00E-04,1,-5.00E-04,-0.0039,0.12,0.00162,0,0.4761883,TRUE,0,0,0,NaN
1565838875015,-10.998,0.136,171.709,-4.00E-04,1,-5.00E-04,-0.0039,0.12,0.00162,0,0.4761883,TRUE,0,0,0,NaN
1565838875100,-10.998,0.136,171.709,-4.00E-04,1,-5.00E-04,-0.0039,0.12,0.00162,0,0.4761883,TRUE,0,0,0,NaN
1565838875188,-10.998,0.136,171.709,-4.00E-04,1,-5.00E-04,-0.0039,0.12,0.00162,0,0.4761883,TRUE,0,0,0,NaN
1565838875280,-10.998,0.136,171.708,-4.00E-04,1,-5.00E-04,-0.0039,0.12,0.00162,0,0.4761883,TRUE,0,0,0,0
1565838875366,-10.998,0.136,171.708,-4.00E-04,1,-5.00E-04,-0.0039,0.12,0.00162,0,0.4761883,TRUE,0,0,0,NaN
1565838875454,-10.998,0.136,171.708,-4.00E-04,1,-5.00E-04,-0.0039,0.12,0.00162,0,0.4761883,TRUE,0,0,0,NaN
1565838875541,-10.998,0.136,171.708,-4.00E-04,1,-5.00E-04,-0.0039,0.12,0.00162,0,0.47222096,TRUE,0,0,0,NaN
1565838875632,-10.998,0.136,171.708,-4.00E-04,1,-5.00E-04,-0.0039,0.12,0.00162,0,0.48015565,TRUE,0,0,0,NaN
1565838875717,-10.998,0.136,171.708,-4.00E-04,1,-5.00E-04,-0.0039,0.12,0.00162,0,0.48015565,TRUE,0,0,0,NaN
1565838875804,-10.998,0.136,171.707,-4.00E-04,1,-5.00E-04,-0.0039,0.12,0.00162,0,0.48015565,TRUE,0,0,0,0
1565838875894,-10.998,0.136,171.707,-4.00E-04,1,-5.00E-04,-0.0039,0.12,0.00162,0,0.4761883,TRUE,0,0,0,NaN
1565838875980,-10.998,0.136,171.707,-4.00E-04,1,-5.00E-04,-0.0039,0.12,0.00162,0,0.4761883,TRUE,0,0,0,NaN
1565838876068,-10.998,0.136,171.707,-4.00E-04,1,-5.00E-04,-0.0039,0.12,0.00162,0,0.4761883,TRUE,0,0,0,NaN
1565838876156,-10.998,0.136,171.707,-4.00E-04,1,-5.00E-04,-0.0039,0.12,0.00162,0,0.4761883,TRUE,0,0,0,NaN
1565838876247,-10.998,0.136,171.706,-4.00E-04,1,-5.00E-04,-0.0039,0.12,0.00162,0,0.48015565,TRUE,0,0,0,0
1565838876338,-10.998,0.136,171.706,-4.00E-04,1,-5.00E-04,-0.0039,0.12,0.00162,0,0.48015565,TRUE,0,0,0,NaN
1565838876427,-10.998,0.136,171.706,-4.00E-04,1,-5.00E-04,-0.0039,0.12,0.00162,0,0.484123,TRUE,0,0,0,NaN
1565838876520,-10.998,0.136,171.706,-4.00E-04,1,-5.00E-04,-0.0039,0.12,0.00162,0,0.48015565,TRUE,0,0,0,NaN
1565838876609,-10.998,0.136,171.706,-4.00E-04,1,-5.00E-04,-0.0039,0.12,0.00162,0,0.48015565,TRUE,0,0,0,NaN
1565838876701,-10.998,0.136,171.706,-4.00E-04,1,-5.00E-04,-0.0039,0.12,0.00162,0,0.48015565,TRUE,0,0,0,NaN
1565838876789,-10.998,0.136,171.705,-4.00E-04,1,-5.00E-04,-0.0039,0.12,0.00162,0,0.48015565,TRUE,0,0,0,0
1565838876875,-10.998,0.136,171.705,-4.00E-04,1,-5.00E-04,-0.0039,0.12,0.00162,0,0.48015565,TRUE,0,0,0,NaN
1565838876965,-10.998,0.136,171.705,-4.00E-04,1,-5.00E-04,-0.0039,0.12,0.00162,0,0.48015565,TRUE,0,0,0,NaN
1565838877052,-10.998,0.136,171.705,-4.00E-04,1,-5.00E-04,-0.0039,0.12,0.00162,0,0.48015565,TRUE,0,0,0,NaN
1565838877141,-10.998,0.136,171.705,-4.00E-04,1,-5.00E-04,-0.0039,0.12,0.00162,0,0.484123,TRUE,0,0,0,NaN
1565838877232,-10.998,0.136,171.704,-4.00E-04,1,-5.00E-04,-0.0039,0.12,0.00162,0,0.48015565,TRUE,0,0,0,0
1565838877320,-10.998,0.136,171.704,-4.00E-04,1,-5.00E-04,-0.0039,0.12,0.00162,0,0.48015565,TRUE,0,0,0,NaN
1565838877407,-10.998,0.136,171.704,-4.00E-04,1,-5.00E-04,-0.0039,0.12,0.00162,0,0.48015565,TRUE,0,0,0,NaN
1565838877507,-10.998,0.136,171.704,-4.00E-04,1,-5.00E-04,-0.0039,0.12,0.00162,0,0.48015565,TRUE,0,0,0,NaN
1565838877595,-10.998,0.136,171.704,-4.00E-04,1,-5.00E-04,-0.0039,0.12,0.00162,0,0.48015565,TRUE,0,0,0,NaN
1565838877686,-10.998,0.136,171.704,-4.00E-04,1,-5.00E-04,-0.0039,0.12,0.00162,0,0.48015565,TRUE,0,0,0,NaN
1565838877777,-10.998,0.136,171.703,-4.00E-04,1,-5.00E-04,-0.0039,0.12,0.00162,0,0.48015565,TRUE,0,0,0,0
1565838877866,-10.998,0.136,171.703,-4.00E-04,1,-5.00E-04,-0.0039,0.12,0.00162,0,0.48015565,TRUE,0,0,0,NaN
1565838877954,-10.998,0.136,171.703,-4.00E-04,1,-5.00E-04,-0.0039,0.12,0.00162,0,0.484123,TRUE,0,0,0,NaN
1565838878046,-10.998,0.136,171.703,-4.00E-04,1,-5.00E-04,-0.0039,0.12,0.00162,0,0.48015565,TRUE,0,0,0,NaN
1565838878142,-10.998,0.136,171.703,-4.00E-04,1,-5.00E-04,-0.0039,0.12,0.00162,0,0.48015565,TRUE,0,0,0,NaN
1565838878234,-10.998,0.136,171.703,-4.00E-04,1,-5.00E-04,-0.0039,0.12,0.00162,0,0.48015565,TRUE,0,0,0,NaN
1565838878322,-10.998,0.136,171.702,-4.00E-04,1,-5.00E-04,-0.0039,0.12,0.00162,0,0.48015565,TRUE,0,0,0,0
1565838878411,-10.998,0.136,171.702,-4.00E-04,1,-5.00E-04,-0.0039,0.12,0.00162,0,0.484123,TRUE,0,0,0,NaN
1565838878497,-10.998,0.136,171.702,-4.00E-04,1,-5.00E-04,-0.0039,0.12,0.00162,0,0.484123,TRUE,0,0,0,NaN
1565838878585,-10.998,0.136,171.702,-4.00E-04,1,-5.00E-04,-0.0039,0.12,0.00162,0,0.484123,TRUE,0,0,0,NaN
1565838878675,-10.998,0.136,171.702,-4.00E-04,1,-5.00E-04,-0.0039,0.12,0.00162,0,0.48015565,TRUE,0,0,0,NaN
1565838878767,-10.998,0.136,171.702,-4.00E-04,1,-5.00E-04,-0.0039,0.12,0.00162,0,0.48015565,TRUE,0,0,0,NaN
1565838878859,-10.998,0.136,171.701,-4.00E-04,1,-5.00E-04,-0.0039,0.12,0.00162,0,0.484123,TRUE,0,0,0,0
1565838878948,-10.998,0.136,171.701,-4.00E-04,1,-5.00E-04,-0.0039,0.12,0.00162,0,0.484123,TRUE,0,0,0,NaN
1565838879034,-10.998,0.136,171.701,-4.00E-04,1,-5.00E-04,-0.0039,0.12,0.00162,0,0.484123,TRUE,0,0,0,NaN
1565838879123,-10.998,0.136,171.701,-4.00E-04,1,-5.00E-04,-0.0039,0.12,0.00162,0,0.484123,TRUE,0,0,0,NaN
1565838879210,-10.998,0.136,171.701,-4.00E-04,1,-5.00E-04,-0.0039,0.12,0.00162,0,0.484123,TRUE,0,0,0,NaN
1565838879302,-10.998,0.136,171.701,-4.00E-04,1,-5.00E-04,-0.0039,0.12,0.00162,0,0.484123,TRUE,0,0,0,NaN
1565838879388,-10.998,0.136,171.7,-4.00E-04,1,-5.00E-04,-0.0039,0.12,0.00162,0,0.484123,TRUE,0,0,0,0
1565838879476,-10.998,0.136,171.7,-4.00E-04,1,-5.00E-04,-0.0039,0.12,0.00162,0,0.484123,TRUE,0,0,0,NaN
1565838879564,-10.998,0.136,171.7,-4.00E-04,1,-5.00E-04,-0.0039,0.12,0.00162,0,0.484123,TRUE,0,0,0,NaN
1565838879654,-10.998,0.136,171.7,-4.00E-04,1,-5.00E-04,-0.0039,0.12,0.00162,0,0.484123,TRUE,0,0,0,NaN
1565838879741,-10.998,0.136,171.7,-4.00E-04,1,-5.00E-04,-0.0039,0.12,0.00162,0,0.484123,TRUE,0,0,0,NaN
1565838879830,-10.998,0.136,171.7,-4.00E-04,1,-5.00E-04,-0.0039,0.12,0.00162,0,0.48809034,TRUE,0,0,0,NaN
1565838879923,-10.998,0.136,171.699,-4.00E-04,1,-5.00E-04,-0.0039,0.13,0.00162,0,0.48015565,TRUE,0,0,0,0
1565838880009,-10.998,0.136,171.699,-4.00E-04,1,-5.00E-04,-0.0039,0.12,0.00162,0,0.48015565,TRUE,0,0,0,NaN
1565838880098,-10.998,0.136,171.699,-4.00E-04,1,-5.00E-04,-0.0039,0.12,0.00162,0,0.48015565,TRUE,0,0,0,NaN
1565838880188,-10.998,0.136,171.699,-4.00E-04,1,-5.00E-04,-0.0039,0.12,0.00162,0,0.48015565,TRUE,0,0,0,NaN
1565838880276,-10.998,0.136,171.699,-4.00E-04,1,-5.00E-04,-0.0039,0.12,0.00162,0,0.48015565,TRUE,0,0,0,NaN
1565838880361,-10.998,0.136,171.699,-4.00E-04,1,-5.00E-04,-0.0039,0.12,0.00162,0,0.48015565,TRUE,0,0,0,NaN
1565838880449,-10.998,0.136,171.698,-4.00E-04,1,-5.00E-04,-0.0039,0.12,0.00162,0,0.48015565,TRUE,0,0,0,0
1565838880539,-10.998,0.136,171.698,-4.00E-04,1,-5.00E-04,-0.0039,0.12,0.00162,0,0.49205768,TRUE,0,0,0,NaN
1565838880633,-10.998,0.136,171.698,-4.00E-04,1,-5.00E-04,-0.0039,0.13,0.00162,0,0.484123,TRUE,0,0,0,NaN
1565838880722,-10.998,0.136,171.698,-4.00E-04,1,-5.00E-04,-0.0039,0.12,0.00162,0,0.484123,TRUE,0,0,0,NaN
1565838880810,-10.998,0.136,171.698,-4.00E-04,1,-5.00E-04,-0.0039,0.12,0.00162,0,0.484123,TRUE,0,0,0,NaN
1565838880895,-10.998,0.136,171.698,-4.00E-04,1,-5.00E-04,-0.0039,0.12,0.00162,0,0.484123,TRUE,0,0,0,NaN
1565838880986,-10.998,0.136,171.697,-4.00E-04,1,-5.00E-04,-0.0039,0.12,0.00162,0,0.484123,TRUE,0,0,0,0
1565838881081,-10.998,0.136,171.697,-4.00E-04,1,-5.00E-04,-0.0039,0.12,0.00162,0,0.484123,TRUE,0,0,0,NaN
1565838881169,-10.998,0.136,171.697,-4.00E-04,1,-5.00E-04,-0.0039,0.12,0.00162,0,0.484123,TRUE,0,0,0,NaN
1565838881260,-10.998,0.136,171.697,-4.00E-04,1,-5.00E-04,-0.0039,0.12,0.00162,0,0.48015565,TRUE,0,0,0,NaN
1565838881347,-10.998,0.136,171.697,-4.00E-04,1,-5.00E-04,-0.0039,0.12,0.00162,0,0.484123,TRUE,0,0,0,NaN
1565838881435,-10.998,0.136,171.697,-4.00E-04,1,-5.00E-04,-0.0039,0.12,0.00162,0,0.48809034,TRUE,0,0,0,NaN
1565838881529,-10.998,0.136,171.696,-4.00E-04,1,-5.00E-04,-0.0039,0.13,0.00162,0,0.48015565,TRUE,0,0,0,0
1565838881616,-10.998,0.136,171.696,-4.00E-04,1,-5.00E-04,-0.0039,0.12,0.00162,0,0.48015565,TRUE,0,0,0,NaN
1565838881708,-10.998,0.136,171.696,-4.00E-04,1,-5.00E-04,-0.0039,0.12,0.00162,0,0.484123,TRUE,0,0,0,NaN
1565838881798,-10.998,0.136,171.696,-4.00E-04,1,-5.00E-04,-0.0039,0.12,0.00162,0,0.48015565,TRUE,0,0,0,NaN
1565838881888,-10.998,0.136,171.696,-4.00E-04,1,-5.00E-04,-0.0039,0.12,0.00162,0,0.48015565,TRUE,0,0,0,NaN
1565838881976,-10.998,0.136,171.696,-4.00E-04,1,-5.00E-04,-0.0039,0.12,0.00162,0,0.48015565,TRUE,0,0,0,NaN
1565838882073,-10.998,0.136,171.695,-4.00E-04,1,-5.00E-04,-0.0039,0.12,0.00162,0,0.48015565,TRUE,0,0,0,0
1565838882160,-10.998,0.136,171.695,-4.00E-04,1,-5.00E-04,-0.0039,0.12,0.00162,0,0.48015565,TRUE,0,0,0,NaN
1565838882247,-10.998,0.136,171.695,-4.00E-04,1,-5.00E-04,-0.0039,0.12,0.00162,0,0.484123,TRUE,0,0,0,NaN
1565838882333,-10.998,0.136,171.695,-4.00E-04,1,-5.00E-04,-0.0039,0.12,0.00162,0,0.484123,TRUE,0,0,0,NaN
1565838882427,-10.998,0.136,171.695,-4.00E-04,1,-5.00E-04,-0.0038,0.12,0.00162,0,0.4761883,TRUE,0,0,0,NaN
1565838882513,-10.998,0.136,171.695,-4.00E-04,1,-5.00E-04,-0.0038,0.12,0.00162,0,0.4761883,TRUE,0,0,0,NaN
1565838882599,-10.998,0.136,171.694,-4.00E-04,1,-5.00E-04,-0.0038,0.12,0.00162,0,0.4761883,TRUE,0,0,0,0
1565838882686,-10.998,0.136,171.694,-4.00E-04,1,-5.00E-04,-0.0038,0.12,0.00162,0,0.4761883,TRUE,0,0,0,NaN
1565838882773,-10.998,0.136,171.694,-4.00E-04,1,-5.00E-04,-0.0038,0.12,0.00162,0,0.4761883,TRUE,0,0,0,NaN
1565838882859,-10.998,0.136,171.694,-4.00E-04,1,-5.00E-04,-0.0038,0.12,0.00162,0,0.4761883,TRUE,0,0,0,NaN
1565838882950,-10.998,0.136,171.694,-4.00E-04,1,-5.00E-04,-0.0038,0.12,0.00162,0,0.48015565,TRUE,0,0,0,NaN
1565838883047,-10.998,0.136,171.693,-4.00E-04,1,-5.00E-04,-0.0038,0.12,0.00162,0,0.48015565,TRUE,0,0,0,0
1565838883147,-10.998,0.136,171.693,-4.00E-04,1,-5.00E-04,-0.0038,0.12,0.00162,0,0.48015565,TRUE,0,0,0,NaN
1565838883232,-10.998,0.136,171.693,-4.00E-04,1,-5.00E-04,-0.0038,0.12,0.00162,0,0.48015565,TRUE,0,0,0,NaN
1565838883319,-10.998,0.136,171.693,-4.00E-04,1,-5.00E-04,-0.0038,0.12,0.00162,0,0.48015565,TRUE,0,0,0,NaN
1565838883405,-10.998,0.136,171.693,-4.00E-04,1,-5.00E-04,-0.0038,0.12,0.00162,0,0.48015565,TRUE,0,0,0,NaN
1565838883492,-10.998,0.136,171.693,-4.00E-04,1,-5.00E-04,-0.0038,0.12,0.00162,0,0.48015565,TRUE,0,0,0,NaN
1565838883583,-10.998,0.136,171.692,-4.00E-04,1,-5.00E-04,-0.0038,0.12,0.00162,0,0.47222096,TRUE,0,0,0,0
1565838883675,-10.998,0.136,171.692,-4.00E-04,1,-5.00E-04,-0.0038,0.12,0.00162,0,0.46030366,TRUE,0,0,0,NaN
1565838883767,-10.998,0.136,171.692,-4.00E-04,1,-5.00E-04,-0.0038,0.11,0.00162,0,0.45236897,TRUE,0,0,0,NaN
1565838883868,-10.998,0.136,171.692,-4.00E-04,1,-5.00E-04,-0.0038,0.11,0.00162,0,0.42459756,TRUE,0,0,0,NaN
1565838883996,-10.998,0.136,171.691,-4.00E-04,1,-5.00E-04,-0.0038,0.09,0.00162,0,0.33730066,TRUE,0,0,0,0
1565838884106,-10.998,0.136,171.691,-4.00E-04,1,-5.00E-04,-0.0039,0.1,0.00162,0,0.28174257,TRUE,0,0,0,NaN
1565838884212,-10.998,0.136,171.691,-4.00E-04,1,-5.00E-04,-0.0039,0.07,0.00162,0,0.24205387,TRUE,0,0,0,NaN
1565838884308,-10.998,0.136,171.691,-4.00E-04,1,-5.00E-04,-0.0039,0.05,0.00162,0,0.22221714,TRUE,0,0,0,NaN
1565838884420,-10.998,0.136,171.69,-4.00E-04,1,-5.00E-04,-0.0039,0.05,0.00154,0,0.19841307,TRUE,0,0,0,0
1565838884563,-10.998,0.136,171.69,-4.00E-04,1,-5.00E-04,-0.0039,0.04,8.80E-04,0,0.079362154,TRUE,0,0,0,NaN
1565838884688,-10.998,0.136,171.69,-4.00E-04,1,-5.00E-04,-0.0039,0.02,8.30E-04,0,0,TRUE,0,0,0,NaN
1565838884783,-10.998,0.136,171.69,-4.00E-04,1,-5.00E-04,-0.0039,0.01,8.50E-04,0,0,TRUE,0,0,0,NaN
1565838884886,-10.998,0.136,171.69,-4.00E-04,1,-5.00E-04,-0.0039,0.01,9.60E-04,0,0,TRUE,0,0,0,NaN
1565838884975,-10.998,0.136,171.69,-4.00E-04,1,-5.00E-04,-0.0039,0.01,9.60E-04,0,0,TRUE,0,0,0,NaN
1565838885064,-10.998,0.136,171.69,-4.00E-04,1,-5.00E-04,-0.0039,0.01,9.60E-04,0,0,TRUE,0,0,0,NaN
1565838885153,-10.998,0.136,171.69,-4.00E-04,1,-5.00E-04,-0.0039,0.01,9.60E-04,0,0,TRUE,0,0,0,NaN
1565838885240,-10.998,0.136,171.69,-4.00E-04,1,-5.00E-04,-0.0039,0.01,9.60E-04,0,0,TRUE,0,0,0,NaN
1565838885327,-10.998,0.136,171.69,-4.00E-04,1,-5.00E-04,-0.0039,0.01,9.60E-04,0,0,TRUE,0,0,0,NaN
1565838885413,-10.998,0.136,171.69,-4.00E-04,1,-5.00E-04,-0.0039,0.01,9.60E-04,0,0,TRUE,0,0,0,NaN
1565838885501,-10.998,0.136,171.69,-4.00E-04,1,-5.00E-04,-0.0039,0.01,9.60E-04,0,0,TRUE,0,0,0,NaN
1565838885588,-10.998,0.136,171.69,-4.00E-04,1,-5.00E-04,-0.0039,0.01,9.60E-04,0,0,TRUE,0,0,0,NaN
1565838885679,-10.998,0.136,171.69,-4.00E-04,1,-5.00E-04,-0.0039,0.01,9.60E-04,0,0,TRUE,0,0,0,NaN
1565838885785,-10.998,0.136,171.69,-4.00E-04,1,-5.00E-04,-0.0039,0.01,9.30E-04,0,0,TRUE,0,0,0,NaN
1565838885897,-10.998,0.136,171.69,-4.00E-04,1,-5.00E-04,-0.0039,0.01,9.30E-04,0.09919888,0,TRUE,0,0,0,NaN
1565838886048,-10.998,0.136,171.69,-4.00E-04,1,-5.00E-04,-0.0039,0.01,9.30E-04,0.309514,0,TRUE,0,0,0,NaN
1565838886187,-10.998,0.136,171.69,-4.00E-04,1,-5.00E-04,-0.0039,0.01,9.30E-04,0.46030366,0,TRUE,0,0,0,NaN
1565838886304,-10.998,0.136,171.691,-4.00E-04,1,-5.00E-04,-0.0039,0.02,8.70E-04,0.5000076,0,TRUE,0,0,0,0
1565838886447,-10.998,0.136,171.691,-4.00E-04,1,-5.00E-04,-0.0039,0.05,-1.10E-04,0.5000076,0,TRUE,0,0,0,NaN
1565838886588,-10.998,0.136,171.692,-4.00E-04,1,-5.00E-04,-0.0039,0.08,-5.80E-04,0.50782025,0,TRUE,0,0,0,0
1565838886679,-10.998,0.136,171.693,-4.00E-04,1,-5.00E-04,-0.0038,0.12,-5.80E-04,0.51563287,0,TRUE,0,0,0,0
1565838886767,-10.998,0.136,171.695,-4.00E-04,1,-5.00E-04,-0.0038,0.16,-5.80E-04,0.51563287,0,TRUE,0,0,0,0
1565838886855,-10.998,0.136,171.697,-4.00E-04,1,-5.00E-04,-0.0038,0.2,-5.80E-04,0.5195392,0,TRUE,0,0,0,0
1565838886943,-10.998,0.136,171.699,-4.00E-04,1,-5.00E-04,-0.0038,0.25,-5.80E-04,0.5234455,0,TRUE,0,0,0,0
1565838887035,-10.998,0.136,171.703,-4.00E-04,1,-5.00E-04,-0.0038,0.3,-5.80E-04,0.5273518,0,TRUE,0,0,0,0
1565838887122,-10.998,0.136,171.706,-4.00E-04,1,-5.00E-04,-0.0038,0.35,-5.80E-04,0.5273518,0,TRUE,0,0,0,0
1565838887211,-10.998,0.136,171.711,-4.00E-04,1,-5.00E-04,-0.0038,0.4,-5.80E-04,0.5312581,0,TRUE,0,0,0,0
1565838887300,-10.998,0.136,171.715,-4.00E-04,1,-5.00E-04,-0.0038,0.45,-5.80E-04,0.5351644,0,TRUE,0,0,0,0
1565838887392,-10.998,0.136,171.721,-4.00E-04,1,-5.00E-04,-0.0038,0.51,-5.80E-04,0.5390707,0,TRUE,0,0,0,0
1565838887510,-10.998,0.136,171.727,-4.00E-04,1,-5.00E-04,-0.0038,0.57,-5.80E-04,0.59375906,0,TRUE,0,0,0,0
1565838887645,-10.998,0.136,171.734,-4.00E-04,1,-5.00E-04,-0.0038,0.65,-5.80E-04,0.71094835,0,TRUE,0,0,0,0
1565838887760,-10.998,0.136,171.742,-4.00E-04,1,-6.00E-04,-0.0038,0.79,-5.80E-04,0.76952773,0,TRUE,0,0,0,0
1565838887859,-10.997,0.136,171.752,-4.00E-04,1,-6.00E-04,-0.0038,0.97,-5.80E-04,0.7968719,0,TRUE,0,0,0,0.050301883
1565838887945,-10.997,0.136,171.765,-4.00E-04,1,-6.00E-04,-0.0038,1.18,-5.80E-04,0.7968719,0,TRUE,0,0,0,0
1565838888045,-10.997,0.136,171.779,-4.00E-04,1,-6.00E-04,-0.0038,1.4,-5.80E-04,0.81640345,0,TRUE,0,0,0,0
1565838888149,-10.997,0.136,171.796,-4.00E-04,1,-6.00E-04,-0.0038,1.63,-5.80E-04,0.85156024,0,TRUE,0,0,0,0
1565838888248,-10.997,0.136,171.816,-4.00E-04,1,-6.00E-04,-0.0038,1.9,-5.80E-04,0.8671855,0,TRUE,0,0,0,0
1565838888344,-10.997,0.136,171.839,-4.00E-04,1,-7.00E-04,-0.0037,2.18,-5.80E-04,0.8828107,0,TRUE,0,0,0,0
1565838888441,-10.997,0.136,171.866,-4.00E-04,1,-7.00E-04,-0.0037,2.49,-5.80E-04,0.90624857,0,TRUE,0,0,0,0
1565838888545,-10.996,0.136,171.896,-4.00E-04,1,-7.00E-04,-0.0037,2.82,-5.80E-04,0.93359274,0,TRUE,0,0,0,0.029349107
1565838888639,-10.996,0.136,171.93,-4.00E-04,1,-7.00E-04,-0.0037,3.17,-5.80E-04,0.94140536,0,TRUE,0,0,0,0
1565838888737,-10.996,0.136,171.967,-4.00E-04,1,-7.00E-04,-0.0037,3.55,-5.80E-04,0.9648433,0,TRUE,0,0,0,0
1565838888833,-10.996,0.136,172.01,-4.00E-04,1,-7.00E-04,-0.0037,3.96,-5.80E-04,0.98046845,0,TRUE,0,0,0,0
1565838888922,-10.995,0.136,172.057,-4.00E-04,1,-7.00E-04,-0.0036,4.39,-5.80E-04,0.9882811,0,TRUE,0,0,0,0.028552312
1565838889010,-10.995,0.136,172.109,-4.00E-04,1,-8.00E-04,-0.0036,4.83,-5.80E-04,0.9882811,0,TRUE,0,0,0,0
1565838889098,-10.995,0.136,172.166,-4.00E-04,1,-8.00E-04,-0.0036,5.29,-5.80E-04,0.9921874,0,TRUE,0,0,0,0
1565838889189,-10.994,0.136,172.228,-4.00E-04,1,-8.00E-04,-0.0036,5.76,-5.80E-04,1,0,TRUE,0,0,0,0.023125561
1565838889276,-10.994,0.136,172.295,-4.00E-04,1,-8.00E-04,-0.0035,6.24,-5.80E-04,1,0,TRUE,0,0,0,0
1565838889363,-10.993,0.136,172.368,-4.00E-04,1,-8.00E-04,-0.0035,6.72,-5.80E-04,1,0,TRUE,0,0,0,0.021001147
1565838889449,-10.993,0.136,172.446,-4.00E-04,1,-8.00E-04,-0.0035,7.21,-5.80E-04,1,0,TRUE,0,0,0,0
1565838889540,-10.992,0.136,172.529,-4.00E-04,1,-8.00E-04,-0.0034,7.69,-5.80E-04,1,0,TRUE,0,0,0,0.017657224
1565838889626,-10.992,0.136,172.618,-4.00E-04,1,-8.00E-04,-0.0034,8.18,-5.80E-04,1,0,TRUE,0,0,0,0
1565838889716,-10.991,0.136,172.712,-4.00E-04,1,-8.00E-04,-0.0034,8.66,-5.80E-04,1,0,TRUE,0,0,0,0.015749304
1565838889803,-10.99,0.136,172.812,-4.00E-04,1,-8.00E-04,-0.0034,9.13,-5.80E-04,1,0,TRUE,0,0,0,0.015013085
1565838889893,-10.99,0.136,172.917,-4.00E-04,1,-8.00E-04,-0.0033,9.61,-5.80E-04,1,0,TRUE,0,0,0,0
1565838889980,-10.989,0.136,173.027,-4.00E-04,1,-8.00E-04,-0.0033,10.08,-5.80E-04,1,0,TRUE,0,0,0,0.013635934
1565838890066,-10.988,0.136,173.142,-4.00E-04,1,-8.00E-04,-0.0033,10.57,-5.80E-04,1,0,TRUE,0,0,0,0.013766879
1565838890153,-10.987,0.136,173.263,-4.00E-04,1,-8.00E-04,-0.0032,11.1,-5.80E-04,1,0,TRUE,0,0,0,0.013976808
1565838890243,-10.987,0.136,173.391,-4.00E-04,1,-8.00E-04,-0.0032,11.65,-5.80E-04,1,0,TRUE,0,0,0,0
1565838890331,-10.986,0.136,173.524,-4.00E-04,1,-8.00E-04,-0.0031,12.22,-5.80E-04,1,0,TRUE,0,0,0,0.013533689
1565838890417,-10.985,0.136,173.664,-4.00E-04,1,-8.00E-04,-0.0031,12.81,-5.80E-04,1,0,TRUE,0,0,0,0.013617254
1565838890508,-10.984,0.136,173.81,-4.00E-04,1,-8.00E-04,-0.0031,13.42,-5.80E-04,1,0,TRUE,0,0,0,0.01274664
1565838890594,-10.983,0.136,173.964,-4.00E-04,1,-9.00E-04,-0.003,14.05,-5.80E-04,1,0,TRUE,0,0,0,0.013218001
1565838890683,-10.982,0.136,174.124,-4.00E-04,1,-9.00E-04,-0.003,14.69,-5.80E-04,1,0,TRUE,0,0,0,0.012478187
1565838890771,-10.981,0.136,174.292,-4.00E-04,1,-9.00E-04,-0.0029,15.34,-5.80E-04,1,0,TRUE,0,0,0,0.012216579
1565838890858,-10.98,0.136,174.467,-4.00E-04,1,-9.00E-04,-0.0029,16,-5.80E-04,1,0,TRUE,0,0,0,0.012047107
1565838890944,-10.979,0.136,174.65,-4.00E-04,1,-9.00E-04,-0.0028,16.66,-5.80E-04,1,0,TRUE,0,0,0,0.011642598
1565838891032,-10.978,0.136,174.84,-4.00E-04,1,-9.00E-04,-0.0028,17.32,-5.80E-04,1,0,TRUE,0,0,0,0.010969051
1565838891123,-10.977,0.136,175.036,-4.00E-04,1,-9.00E-04,-0.0027,17.86,-5.80E-04,1,0,TRUE,0,0,0,0.008405279
1565838891209,-10.976,0.136,175.237,-4.00E-04,1,-8.00E-04,-0.0027,18.27,-5.80E-04,1,0,TRUE,0,0,0,0.006590952
1565838891297,-10.975,0.136,175.443,-4.00E-04,1,-7.00E-04,-0.0027,18.6,-5.80E-04,1,0,TRUE,0,0,0,0.005053952
1565838891390,-10.974,0.136,175.652,-4.00E-04,1,-7.00E-04,-0.0026,18.93,-5.80E-04,1,0,TRUE,0,0,0,0.004717952
1565838891478,-10.973,0.136,175.865,-4.00E-04,1,-7.00E-04,-0.0026,19.26,-5.80E-04,1,0,TRUE,0,0,0,0.004892085
1565838891564,-10.972,0.136,176.081,-4.00E-04,1,-7.00E-04,-0.0025,19.59,-5.80E-04,1,0,TRUE,0,0,0,0.004932188
1565838891652,-10.971,0.136,176.301,-4.00E-04,1,-7.00E-04,-0.0025,19.94,-5.80E-04,1,0,TRUE,0,0,0,0.005023766
1565838891739,-10.97,0.136,176.525,-4.00E-04,1,-7.00E-04,-0.0025,20.3,-5.80E-04,1,0,TRUE,0,0,0,0.005128497
1565838891826,-10.969,0.136,176.753,-4.00E-04,1,-7.00E-04,-0.0024,20.66,-5.80E-04,1,0,TRUE,0,0,0,0.005043071
1565838891911,-10.968,0.136,176.985,-4.00E-04,1,-7.00E-04,-0.0024,21.03,-5.80E-04,1,0,TRUE,0,0,0,0.005209076
1565838891999,-10.967,0.136,177.222,-4.00E-04,1,-7.00E-04,-0.0023,21.41,-5.80E-04,1,0,TRUE,0,0,0,0.005063161
1565838892085,-10.966,0.136,177.462,-4.00E-04,1,-7.00E-04,-0.0023,21.8,-5.80E-04,1,0,TRUE,0,0,0,0.005250656
1565838892172,-10.965,0.136,177.707,-4.00E-04,1,-7.00E-04,-0.0023,22.19,-5.80E-04,1,0,TRUE,0,0,0,0.005079777
1565838892260,-10.964,0.136,177.957,-4.00E-04,1,-7.00E-04,-0.0022,22.59,-5.80E-04,1,0,TRUE,0,0,0,0.005052502
1565838892348,-10.962,0.136,178.211,-4.00E-04,1,-7.00E-04,-0.0022,23,-5.80E-04,1,0,TRUE,0,0,0,0.010189517
1565838892437,-10.961,0.136,178.469,-4.00E-04,1,-7.00E-04,-0.0021,23.42,-5.80E-04,1,0,TRUE,0,0,0,0.005078117
1565838892524,-10.96,0.136,178.732,-4.00E-04,1,-7.00E-04,-0.0021,23.85,-5.80E-04,1,0,TRUE,0,0,0,0.005222314
1565838892613,-10.959,0.136,179,-4.00E-04,1,-7.00E-04,-0.002,24.28,-5.80E-04,1,0,TRUE,0,0,0,0.005009627
1565838892701,-10.958,0.136,179.273,-4.00E-04,1,-8.00E-04,-0.002,24.72,-5.80E-04,1,0,TRUE,0,0,0,0.005084754
1565838892789,-10.957,0.136,179.551,-4.00E-04,1,-8.00E-04,-0.0019,25.16,-5.80E-04,1,0,TRUE,0,0,0,0.004997999
1565838892876,-10.956,0.136,179.834,-4.00E-04,1,-8.00E-04,-0.0019,25.62,-5.80E-04,1,0,TRUE,0,0,0,0.005186829
1565838892964,-10.955,0.136,180.122,-4.00E-04,1,-8.00E-04,-0.0018,26.07,-5.80E-04,1,0,TRUE,0,0,0,0.004934182
1565838893053,-10.954,0.136,180.415,-4.00E-04,1,-8.00E-04,-0.0018,26.54,-5.80E-04,1,0,TRUE,0,0,0,0.005003787
1565838893138,-10.953,0.136,180.713,-4.00E-04,1,-8.00E-04,-0.0017,27.01,-5.80E-04,1,0,TRUE,0,0,0,0.005156163
1565838893226,-10.952,0.136,181.016,-4.00E-04,1,-8.00E-04,-0.0017,27.48,-5.80E-04,1,0,TRUE,0,0,0,0.004898123
1565838893314,-10.951,0.136,181.325,-4.00E-04,1,-8.00E-04,-0.0016,27.96,-5.80E-04,1,0,TRUE,0,0,0,0.00490083
1565838893403,-10.95,0.136,181.639,-4.00E-04,1,-8.00E-04,-0.0016,28.44,-5.80E-04,1,0,TRUE,0,0,0,0.004772864
1565838893489,-10.95,0.136,181.958,-4.00E-04,1,-8.00E-04,-0.0015,28.92,-5.80E-04,1,0,TRUE,0,0,0,0
1565838893577,-10.949,0.136,182.283,-4.00E-04,1,-8.00E-04,-0.0014,29.4,-5.80E-04,1,0,TRUE,0,0,0,0.004659243
1565838893664,-10.948,0.136,182.613,-4.00E-04,1,-8.00E-04,-0.0014,29.89,-5.80E-04,1,0,TRUE,0,0,0,0.004742762
1565838893752,-10.947,0.136,182.949,-4.00E-04,1,-8.00E-04,-0.0013,30.37,-5.60E-04,1,0,TRUE,0,0,0,0.004511216
1565838893839,-10.946,0.136,183.289,-4.00E-04,1,-8.00E-04,-0.0013,30.85,-5.60E-04,1,0,TRUE,0,0,0,0.004505099
1565838893925,-10.945,0.136,183.636,-4.00E-04,1,-8.00E-04,-0.0012,31.32,-5.60E-04,1,0,TRUE,0,0,0,0.004376636
1565838894014,-10.945,0.136,183.987,-4.00E-04,1,-8.00E-04,-0.0012,31.8,-5.60E-04,1,0,TRUE,0,0,0,0
1565838894101,-10.944,0.136,184.343,-4.00E-04,1,-8.00E-04,-0.0011,32.26,-5.60E-04,1,0,TRUE,0,0,0,0.004123267
1565838894192,-10.943,0.136,184.705,-4.00E-04,1,-8.00E-04,-0.001,32.72,-5.60E-04,1,0,TRUE,0,0,0,0.003880455
1565838894279,-10.942,0.136,185.072,-4.00E-04,1,-8.00E-04,-0.001,33.18,-5.60E-04,1,0,TRUE,0,0,0,0.003999666
1565838894366,-10.942,0.136,185.444,-4.00E-04,1,-8.00E-04,-9.00E-04,33.62,-5.60E-04,1,0,TRUE,0,0,0,0
1565838894454,-10.941,0.136,185.82,-4.00E-04,1,-8.00E-04,-9.00E-04,34.06,-5.50E-04,1,0,TRUE,0,0,0,0.003695285
1565838894543,-10.941,0.136,186.202,-4.00E-04,1,-7.00E-04,-8.00E-04,34.49,-5.50E-04,1,0,TRUE,0,0,0,0
1565838894630,-10.94,0.136,186.588,-4.00E-04,1,-7.00E-04,-8.00E-04,34.91,-5.50E-04,1,0,TRUE,0,0,0,0.003475447
1565838894716,-10.94,0.136,186.979,-4.00E-04,1,-7.00E-04,-7.00E-04,35.32,-5.50E-04,1,0,TRUE,0,0,0,0
1565838894803,-10.939,0.136,187.374,-4.00E-04,1,-7.00E-04,-6.00E-04,35.71,-5.50E-04,1,0,TRUE,0,0,0,0.003150773
1565838894891,-10.939,0.136,187.774,-4.00E-04,1,-7.00E-04,-6.00E-04,36.1,-5.50E-04,1,0,TRUE,0,0,0,0
1565838894978,-10.938,0.136,188.177,-4.00E-04,1,-7.00E-04,-5.00E-04,36.45,-5.50E-04,1,0,TRUE,0,0,0,0.002774077
1565838895065,-10.938,0.136,188.584,-4.00E-04,1,-7.00E-04,-5.00E-04,36.72,-5.50E-04,1,0,TRUE,0,0,0,0
1565838895152,-10.938,0.136,188.994,-4.00E-04,1,-7.00E-04,-4.00E-04,36.96,-5.50E-04,1,0,TRUE,0,0,0,0
1565838895240,-10.938,0.136,189.407,-4.00E-04,1,-6.00E-04,-4.00E-04,37.19,-5.50E-04,1,0,TRUE,0,0,0,0
1565838895327,-10.937,0.136,189.821,-4.00E-04,1,-6.00E-04,-3.00E-04,37.43,-5.50E-04,1,0,TRUE,0,0,0,0.001849911
1565838895414,-10.937,0.136,190.239,-4.00E-04,1,-6.00E-04,-3.00E-04,37.67,-5.50E-04,1,0,TRUE,0,0,0,0
1565838895502,-10.937,0.136,190.659,-4.00E-04,1,-6.00E-04,-2.00E-04,37.91,-5.50E-04,1,0,TRUE,0,0,0,0
1565838895592,-10.937,0.136,191.082,-4.00E-04,1,-6.00E-04,-1.00E-04,38.15,-5.50E-04,1,0,TRUE,0,0,0,0
1565838895685,-10.937,0.136,191.508,-4.00E-04,1,-6.00E-04,-1.00E-04,38.4,-5.50E-04,1,0,TRUE,0,0,0,0
1565838895770,-10.937,0.136,191.936,-4.00E-04,1,-6.00E-04,0,38.65,-5.50E-04,1,0,TRUE,0,0,0,0
1565838895858,-10.937,0.136,192.368,-4.00E-04,1,-6.00E-04,0,38.9,-5.50E-04,1,0,TRUE,0,0,0,0
1565838895943,-10.937,0.136,192.802,-4.00E-04,1,-6.00E-04,1.00E-04,39.16,-5.50E-04,1,0,TRUE,0,0,0,0
1565838896029,-10.937,0.136,193.239,-4.00E-04,1,-7.00E-04,1.00E-04,39.42,-5.50E-04,1,0,TRUE,0,0,0,0
1565838896117,-10.938,0.136,193.678,-4.00E-04,1,-7.00E-04,2.00E-04,39.68,-5.50E-04,1,0,TRUE,0,0,0,0.001868496
1565838896204,-10.938,0.136,194.121,-4.00E-04,1,-7.00E-04,2.00E-04,39.94,-5.50E-04,1,0,TRUE,0,0,0,0
1565838896300,-10.938,0.136,194.567,-4.00E-04,1,-7.00E-04,3.00E-04,40.21,-5.50E-04,0.98046845,0,TRUE,0,0,0,0
1565838896389,-10.939,0.136,195.015,-4.00E-04,1,-7.00E-04,4.00E-04,40.47,-5.50E-04,0.97656214,0,TRUE,0,0,0,0.001812103
1565838896478,-10.939,0.136,195.467,-4.00E-04,1,-7.00E-04,4.00E-04,40.74,-5.50E-04,0.97656214,0,TRUE,0,0,0,0
1565838896571,-10.94,0.136,195.922,-4.00E-04,1,-7.00E-04,5.00E-04,41.01,-5.50E-04,0.9804685,0,TRUE,0,0,0,0.001771414
1565838896659,-10.94,0.136,196.379,-4.00E-04,1,-7.00E-04,5.00E-04,41.28,-5.50E-04,0.98046845,0,TRUE,0,0,0,0
1565838896750,-10.941,0.136,196.84,-4.00E-04,1,-7.00E-04,6.00E-04,41.55,-5.50E-04,0.97265583,0,TRUE,0,0,0,0.001788528
1565838896837,-10.941,0.136,197.303,-4.00E-04,1,-7.00E-04,7.00E-04,41.83,-5.50E-04,0.97265583,0,TRUE,0,0,0,0
1565838896932,-10.942,0.136,197.77,-4.00E-04,1,-7.00E-04,7.00E-04,42.1,-5.50E-04,0.95703053,0,TRUE,0,0,0,0.001691143
1565838897074,-10.943,0.136,198.24,-4.00E-04,1,-7.00E-04,8.00E-04,42.38,-5.50E-04,0.8085908,0,TRUE,0,0,0,0.00116475
1565838897213,-10.944,0.136,198.713,-4.00E-04,1,-7.00E-04,8.00E-04,42.61,-5.50E-04,0.6875105,0,TRUE,0,0,0,9.72E-04
1565838897342,-10.945,0.136,199.187,-4.00E-04,1,-6.00E-04,9.00E-04,42.78,-5.50E-04,0.58204013,0,TRUE,0,0,0,7.72E-04
1565838897442,-10.946,0.136,199.664,-4.00E-04,1,-6.00E-04,9.00E-04,42.9,-5.50E-04,0.5703212,0,TRUE,0,0,0,6.99E-04
1565838897529,-10.947,0.136,200.141,-4.00E-04,1,-6.00E-04,0.001,43.01,-5.50E-04,0.5703212,0,TRUE,0,0,0,7.36E-04
1565838897620,-10.948,0.136,200.62,-4.00E-04,1,-6.00E-04,0.0011,43.12,-5.50E-04,0.5742275,0,TRUE,0,0,0,7.01E-04
1565838897714,-10.949,0.136,201.1,-4.00E-04,1,-6.00E-04,0.0011,43.23,-5.50E-04,0.5703212,0,TRUE,0,0,0,6.77E-04
1565838897805,-10.95,0.136,201.581,-4.00E-04,1,-6.00E-04,0.0012,43.34,-5.50E-04,0.5703212,0,TRUE,0,0,0,6.98E-04
1565838897896,-10.951,0.136,202.063,-4.00E-04,1,-6.00E-04,0.0012,43.45,-5.50E-04,0.5664149,0,TRUE,0,0,0,6.97E-04
1565838897991,-10.953,0.136,202.547,-4.00E-04,1,-6.00E-04,0.0013,43.57,-5.50E-04,0.54688334,0,TRUE,0,0,0,0.001449795
1565838898080,-10.954,0.136,203.032,-4.00E-04,1,-6.00E-04,0.0013,43.67,-5.50E-04,0.54297704,0,TRUE,0,0,0,6.44E-04
1565838898167,-10.955,0.136,203.518,-4.00E-04,1,-6.00E-04,0.0014,43.77,-5.50E-04,0.54297704,0,TRUE,0,0,0,6.57E-04
1565838898278,-10.957,0.136,204.005,-4.00E-04,1,-6.00E-04,0.0014,43.87,-5.50E-04,0.58204013,0,TRUE,0,0,0,0.001027624
1565838898395,-10.958,0.136,204.493,-4.00E-04,1,-6.00E-04,0.0015,43.99,-5.50E-04,0.6484474,0,TRUE,0,0,0,5.84E-04
1565838898545,-10.96,0.136,204.983,-4.00E-04,1,-6.00E-04,0.0016,44.13,-5.50E-04,0.7890593,0,TRUE,0,0,0,0.001058099
1565838898687,-10.962,0.136,205.475,-4.00E-04,1,-6.00E-04,0.0016,44.33,-5.50E-04,0.9414054,0,TRUE,0,0,0,0.001590255
1565838898793,-10.963,0.136,205.969,-4.00E-04,1,-6.00E-04,0.0017,44.6,-5.50E-04,0.98828113,0,TRUE,0,0,0,0.001432875
1565838898883,-10.965,0.136,206.467,-4.00E-04,1,-7.00E-04,0.0017,44.91,-5.50E-04,0.9921874,0,TRUE,0,0,0,0.00384223
1565838898971,-10.967,0.136,206.968,-4.00E-04,1,-7.00E-04,0.0018,45.23,-5.50E-04,0.9921874,0,TRUE,0,0,0,0.004031954
1565838899063,-10.969,0.136,207.473,-4.00E-04,1,-7.00E-04,0.0019,45.56,-5.50E-04,0.98437476,0,TRUE,0,0,0,0.003945713
1565838899159,-10.971,0.136,207.981,-4.00E-04,1,-7.00E-04,0.0019,45.88,-5.50E-04,0.9687495,0,TRUE,0,0,0,0.003645113
1565838899248,-10.973,0.136,208.493,-4.00E-04,1,-7.00E-04,0.002,46.2,-5.50E-04,0.9687495,0,TRUE,0,0,0,0.003901107
1565838899338,-10.975,0.136,209.009,-4.00E-04,1,-7.00E-04,0.0021,46.52,-5.50E-04,0.97265583,0,TRUE,0,0,0,0.003829585
1565838899434,-10.978,0.136,209.528,-4.00E-04,1,-7.00E-04,0.0021,46.85,-5.50E-04,0.97265583,0,TRUE,0,0,0,0.005518055
1565838899524,-10.98,0.136,210.051,-4.00E-04,1,-7.00E-04,0.0022,47.18,-5.50E-04,0.97265583,0,TRUE,0,0,0,0.003894656
1565838899613,-10.982,0.136,210.578,-4.00E-04,1,-7.00E-04,0.0023,47.51,-5.50E-04,0.9687495,0,TRUE,0,0,0,0.003910245
1565838899702,-10.985,0.136,211.108,-4.00E-04,1,-7.00E-04,0.0023,47.85,-5.50E-04,0.9687495,0,TRUE,0,0,0,0.006005173
1565838899791,-10.988,0.136,211.642,-4.00E-04,1,-7.00E-04,0.0024,48.18,-5.50E-04,0.9687495,0,TRUE,0,0,0,0.005786785
1565838899882,-10.99,0.136,212.18,-4.00E-04,1,-7.00E-04,0.0025,48.52,-5.50E-04,0.9687495,0,TRUE,0,0,0,0.003857919
1565838899971,-10.993,0.136,212.721,-4.00E-04,1,-7.00E-04,0.0026,48.87,-5.50E-04,0.96484315,0,TRUE,0,0,0,0.006057985
1565838900060,-10.996,0.136,213.267,-4.00E-04,1,-7.00E-04,0.0026,49.21,-5.50E-04,0.9609369,0,TRUE,0,0,0,0.005830987
1565838900148,-10.999,0.136,213.816,-4.00E-04,1,-7.00E-04,0.0027,49.56,-5.50E-04,0.9609369,0,TRUE,0,0,0,0.006035743
1565838900260,-11.002,0.136,214.369,-4.00E-04,1,-7.00E-04,0.0028,49.91,-4.10E-04,0.9609369,0,TRUE,0,0,0,0.004709403
1565838900405,-11.006,0.136,214.926,-4.00E-04,1,-7.00E-04,0.0028,50.26,8.80E-04,0.9296864,0,TRUE,0,0,0,0.004814646
1565838900543,-11.009,0.136,215.487,-4.00E-04,1,-7.00E-04,0.0028,50.6,0.00163,0.90624857,0,TRUE,0,0,0,0.003660022
1565838900640,-11.012,0.136,216.052,-5.00E-04,1,-7.00E-04,0.0027,50.93,0.00163,0.89062333,0,TRUE,0,0,0,0.00501816
1565838900730,-11.014,0.136,216.62,-5.00E-04,1,-7.00E-04,0.0026,51.25,0.00163,0.8867171,0,TRUE,0,0,0,0.003477421
1565838900817,-11.017,0.136,217.191,-5.00E-04,1,-7.00E-04,0.0024,51.57,0.00163,0.8867171,0,TRUE,0,0,0,0.005368405
1565838900904,-11.019,0.136,217.767,-5.00E-04,1,-7.00E-04,0.0022,51.89,0.00163,0.886717,0,TRUE,0,0,0,0.003547303
1565838900995,-11.021,0.136,218.346,-5.00E-04,1,-7.00E-04,0.0021,52.22,0.00162,0.886717,0,TRUE,0,0,0,0.003479315
1565838901113,-11.023,0.136,218.928,-5.00E-04,1,-7.00E-04,0.0019,52.54,0.00144,0.8789044,0,TRUE,0,0,0,0.002588436
1565838901255,-11.025,0.136,219.514,-5.00E-04,1,-7.00E-04,0.0017,52.87,6.90E-04,0.8671855,0,TRUE,0,0,0,0.002202971
1565838901350,-11.027,0.136,220.104,-4.00E-04,1,-7.00E-04,0.0016,53.19,7.00E-04,0.85937285,0,TRUE,0,0,0,0.003173052
1565838901450,-11.029,0.136,220.697,-4.00E-04,1,-7.00E-04,0.0016,53.5,7.90E-04,0.85937285,0,TRUE,0,0,0,0.002904028
1565838901594,-11.03,0.136,221.294,-4.00E-04,1,-7.00E-04,0.0015,53.82,0.00171,0.9101549,0,TRUE,0,0,0,0.001033406
1565838901744,-11.032,0.136,221.894,-5.00E-04,1,-7.00E-04,0.0014,54.16,0.00216,0.9570306,0,TRUE,0,0,0,0.002098635
1565838901845,-11.033,0.136,222.499,-5.00E-04,1,-7.00E-04,0.0012,54.53,0.00216,0.9882811,0,TRUE,0,0,0,0.001682671
1565838901934,-11.034,0.136,223.107,-5.00E-04,1,-7.00E-04,9.00E-04,54.92,0.00216,0.9921874,0,TRUE,0,0,0,0.002002819
1565838902026,-11.034,0.136,223.72,-5.00E-04,1,-7.00E-04,7.00E-04,55.32,0.00216,0.98437476,0,TRUE,0,0,0,0
1565838902116,-11.034,0.136,224.338,-5.00E-04,1,-7.00E-04,5.00E-04,55.71,0.00216,0.97656214,0,TRUE,0,0,0,0
1565838902203,-11.034,0.136,224.959,-5.00E-04,1,-7.00E-04,2.00E-04,56.11,0.00216,0.97656214,0,TRUE,0,0,0,0
1565838902293,-11.034,0.136,225.586,-5.00E-04,1,-7.00E-04,0,56.5,0.00216,0.97265583,0,TRUE,0,0,0,0
1565838902380,-11.033,0.136,226.216,-5.00E-04,1,-7.00E-04,-3.00E-04,56.89,0.00216,0.97265583,0,TRUE,0,0,0,0.001977303
1565838902479,-11.032,0.136,226.851,-5.00E-04,1,-7.00E-04,-5.00E-04,57.29,0.00216,0.95703053,0,TRUE,0,0,0,0.00176819
1565838902572,-11.031,0.136,227.49,-5.00E-04,1,-7.00E-04,-8.00E-04,57.68,0.00216,0.949218,0,TRUE,0,0,0,0.001821937
1565838902667,-11.03,0.136,228.134,-5.00E-04,1,-7.00E-04,-0.001,58.06,0.00216,0.93749905,0,TRUE,0,0,0,0.001726036
1565838902757,-11.028,0.136,228.782,-5.00E-04,1,-7.00E-04,-0.0013,58.44,0.00216,0.93749905,0,TRUE,0,0,0,0.003619597
1565838902852,-11.025,0.136,229.434,-5.00E-04,1,-7.00E-04,-0.0015,58.82,0.00217,0.9296864,0,TRUE,0,0,0,0.005112814
1565838902994,-11.023,0.136,230.09,-5.00E-04,1,-7.00E-04,-0.0018,59.19,0.003,0.9257801,0,TRUE,0,0,0,0.002206523
1565838903138,-11.02,0.136,230.75,-5.00E-04,1,-7.00E-04,-0.0021,59.56,0.00367,0.9140612,0,TRUE,0,0,0,0.00324347
1565838903271,-11.016,0.136,231.415,-5.00E-04,1,-7.00E-04,-0.0025,59.93,0.00336,0.90234226,0,TRUE,0,0,0,0.004648933
1565838903414,-11.012,0.136,232.083,-6.00E-04,1,-7.00E-04,-0.0029,60.29,0.00178,0.8710918,0,TRUE,0,0,0,0.004187062
1565838903556,-11.007,0.136,232.756,-5.00E-04,1,-7.00E-04,-0.0032,60.64,0.00144,0.85156024,0,TRUE,0,0,0,0.005086576
1565838903697,-11.002,0.136,233.432,-5.00E-04,1,-7.00E-04,-0.0034,60.97,7.90E-04,0.82421607,0,TRUE,0,0,0,0.0048085
1565838903839,-10.997,0.136,234.111,-4.00E-04,1,-7.00E-04,-0.0036,61.29,-2.90E-04,0.7968719,0,TRUE,0,0,0,0.004609633
1565838903944,-10.992,0.136,234.795,-4.00E-04,1,-7.00E-04,-0.0036,61.59,-2.90E-04,0.76952773,0,TRUE,0,0,0,0.005801455
1565838904053,-10.987,0.136,235.481,-4.00E-04,1,-7.00E-04,-0.0036,61.88,-3.20E-04,0.7304799,0,TRUE,0,0,0,0.005385535
1565838904204,-10.982,0.136,236.17,-4.00E-04,1,-7.00E-04,-0.0035,62.14,-7.30E-04,0.7265736,0,TRUE,0,0,0,0.00347091
1565838904345,-10.978,0.136,236.863,-4.00E-04,1,-7.00E-04,-0.0034,62.4,-8.50E-04,0.82030976,0,TRUE,0,0,0,0.002956934
1565838904476,-10.973,0.136,237.558,-4.00E-04,1,-7.00E-04,-0.0033,62.7,-9.90E-04,0.8749981,0,TRUE,0,0,0,0.004576519
1565838904622,-10.969,0.136,238.257,-4.00E-04,1,-7.00E-04,-0.0032,63.03,-0.00135,0.9101549,0,TRUE,0,0,0,0.003592502
1565838904715,-10.965,0.136,238.96,-4.00E-04,1,-7.00E-04,-0.003,63.39,-0.00135,0.9179675,0,TRUE,0,0,0,0.006117615
1565838904852,-10.961,0.136,239.667,-4.00E-04,1,-7.00E-04,-0.0028,63.76,-0.00103,0.90624857,0,TRUE,0,0,0,0.004244036
1565838904991,-10.957,0.136,240.378,-4.00E-04,1,-7.00E-04,-0.0026,64.12,-5.60E-04,0.89843595,0,TRUE,0,0,0,0.004048061
1565838905082,-10.954,0.136,241.093,-4.00E-04,1,-7.00E-04,-0.0025,64.48,-5.60E-04,0.90234226,0,TRUE,0,0,0,0.004609698
1565838905173,-10.95,0.136,241.812,-4.00E-04,1,-7.00E-04,-0.0024,64.84,-5.60E-04,0.9101549,0,TRUE,0,0,0,0.006114347
1565838905268,-10.947,0.136,242.534,-4.00E-04,1,-7.00E-04,-0.0023,65.17,-5.60E-04,0.9179675,0,TRUE,0,0,0,0.004009665
1565838905360,-10.944,0.136,243.261,-4.00E-04,1,-7.00E-04,-0.0022,65.47,-5.60E-04,0.90624857,0,TRUE,0,0,0,0.00373693
1565838905482,-10.941,0.136,243.99,-4.00E-04,1,-7.00E-04,-0.0022,65.76,-5.60E-04,0.8281224,0,TRUE,0,0,0,0.002717455
1565838905627,-10.938,0.136,244.723,-4.00E-04,1,-7.00E-04,-0.0021,66.02,-5.60E-04,0.6484474,0,TRUE,0,0,0,0.002038656
1565838905776,-10.935,0.136,245.458,-4.00E-04,1,-6.00E-04,-0.002,66.2,-5.60E-04,0.4444343,0,TRUE,0,0,0,0.001369377
1565838905920,-10.932,0.136,246.194,-4.00E-04,1,-6.00E-04,-0.0019,66.29,-5.60E-04,0.071427435,0,TRUE,0,0,0,7.08E-04
1565838906031,-10.929,0.136,246.93,-4.00E-04,1,-5.00E-04,-0.0018,66.23,-5.60E-04,0,0,TRUE,0,0,0,-6.12E-04
1565838906118,-10.927,0.136,247.666,-4.00E-04,1,-5.00E-04,-0.0017,66.13,-5.60E-04,0,0,TRUE,0,0,0,-8.68E-04
1565838906205,-10.925,0.136,248.4,-4.00E-04,1,-4.00E-04,-0.0017,66.03,-5.60E-04,0,0,TRUE,0,0,0,-8.70E-04
1565838906292,-10.922,0.136,249.133,-4.00E-04,1,-4.00E-04,-0.0016,65.93,-5.60E-04,0,0,TRUE,0,0,0,-0.001306838
1565838906380,-10.92,0.136,249.865,-4.00E-04,1,-4.00E-04,-0.0015,65.83,-5.60E-04,0,0,TRUE,0,0,0,-8.62E-04
1565838906468,-10.918,0.136,250.595,-4.00E-04,1,-4.00E-04,-0.0014,65.72,-5.60E-04,0,0,TRUE,0,0,0,-9.51E-04
1565838906554,-10.916,0.136,251.325,-4.00E-04,1,-4.00E-04,-0.0014,65.62,-5.60E-04,0,0,TRUE,0,0,0,-8.85E-04
1565838906643,-10.914,0.136,252.054,-4.00E-04,1,-4.00E-04,-0.0013,65.52,-5.60E-04,0,0,TRUE,0,0,0,-8.57E-04
1565838906730,-10.913,0.136,252.781,-4.00E-04,1,-4.00E-04,-0.0012,65.42,-5.60E-04,0,0,TRUE,0,0,0,-4.39E-04
1565838906830,-10.911,0.136,253.507,-4.00E-04,1,-4.00E-04,-0.0012,65.32,-5.60E-04,0,0,TRUE,0,0,0,-7.65E-04
1565838906970,-10.91,0.136,254.232,-4.00E-04,1,-4.00E-04,-0.0011,65.22,-5.60E-04,0.23015183,0,TRUE,0,0,0,-2.74E-04
1565838907078,-10.908,0.136,254.957,-4.00E-04,1,-5.00E-04,-0.001,65.16,-5.60E-04,0.25397116,0,TRUE,0,0,0,-4.26E-04
1565838907193,-10.907,0.136,255.68,-4.00E-04,1,-5.00E-04,-9.00E-04,65.13,-5.60E-04,0.31744868,0,TRUE,0,0,0,-1.00E-04
1565838907317,-10.906,0.136,256.404,-4.00E-04,1,-5.00E-04,-9.00E-04,65.12,-5.60E-04,0.40872818,0,TRUE,0,0,0,-3.09E-05
1565838907431,-10.905,0.136,257.128,-4.00E-04,1,-5.00E-04,-8.00E-04,65.16,-5.60E-04,0.47222096,0,TRUE,0,0,0,1.35E-04
1565838907534,-10.904,0.136,257.852,-4.00E-04,1,-5.00E-04,-7.00E-04,65.22,-5.60E-04,0.50391394,0,TRUE,0,0,0,2.23E-04
1565838907622,-10.903,0.136,258.578,-4.00E-04,1,-5.00E-04,-6.00E-04,65.31,-5.60E-04,0.50782025,0,TRUE,0,0,0,3.91E-04
1565838907713,-10.902,0.136,259.304,-4.00E-04,1,-6.00E-04,-5.00E-04,65.4,-5.60E-04,0.51563287,0,TRUE,0,0,0,3.78E-04
1565838907803,-10.902,0.136,260.031,-4.00E-04,1,-6.00E-04,-5.00E-04,65.5,-5.60E-04,0.5234455,0,TRUE,0,0,0,0
1565838907893,-10.901,0.136,260.76,-4.00E-04,1,-6.00E-04,-4.00E-04,65.6,-5.60E-04,0.5234455,0,TRUE,0,0,0,4.24E-04
1565838907982,-10.901,0.136,261.489,-4.00E-04,1,-6.00E-04,-3.00E-04,65.7,-5.60E-04,0.5273518,0,TRUE,0,0,0,0
1565838908072,-10.9,0.136,262.22,-4.00E-04,1,-6.00E-04,-2.00E-04,65.8,-5.60E-04,0.5312581,0,TRUE,0,0,0,4.22E-04
1565838908162,-10.9,0.136,262.952,-4.00E-04,1,-6.00E-04,-1.00E-04,65.9,-5.60E-04,0.5312581,0,TRUE,0,0,0,0
1565838908251,-10.9,0.136,263.685,-4.00E-04,1,-6.00E-04,-1.00E-04,66.01,-5.60E-04,0.5312581,0,TRUE,0,0,0,0
1565838908338,-10.9,0.136,264.419,-4.00E-04,1,-6.00E-04,0,66.11,-5.60E-04,0.5312581,0,TRUE,0,0,0,0
1565838908425,-10.901,0.136,265.155,-4.00E-04,1,-6.00E-04,1.00E-04,66.22,-5.60E-04,0.5312581,0,TRUE,0,0,0,4.77E-04
1565838908518,-10.901,0.136,265.891,-4.00E-04,1,-6.00E-04,2.00E-04,66.32,-5.60E-04,0.5351644,0,TRUE,0,0,0,0
1565838908605,-10.901,0.136,266.629,-4.00E-04,1,-6.00E-04,3.00E-04,66.43,-5.60E-04,0.5351644,0,TRUE,0,0,0,0
1565838908695,-10.902,0.136,267.368,-4.00E-04,1,-6.00E-04,4.00E-04,66.54,-5.60E-04,0.5390707,0,TRUE,0,0,0,4.60E-04
1565838908783,-10.903,0.136,268.108,-4.00E-04,1,-6.00E-04,4.00E-04,66.65,-5.60E-04,0.5390707,0,TRUE,0,0,0,4.69E-04
1565838908873,-10.904,0.136,268.85,-4.00E-04,1,-6.00E-04,5.00E-04,66.76,-5.60E-04,0.54297704,0,TRUE,0,0,0,4.58E-04
1565838908957,-10.905,0.136,269.592,-4.00E-04,1,-6.00E-04,6.00E-04,66.87,-5.60E-04,0.54297704,0,TRUE,0,0,0,4.90E-04
1565838909045,-10.906,0.136,270.336,-4.00E-04,1,-6.00E-04,7.00E-04,66.99,-5.60E-04,0.54297704,0,TRUE,0,0,0,5.09E-04
1565838909132,-10.907,0.136,271.081,-4.00E-04,1,-6.00E-04,8.00E-04,67.1,-5.60E-04,0.54297704,0,TRUE,0,0,0,4.71E-04
1565838909220,-10.908,0.136,271.827,-4.00E-04,1,-6.00E-04,9.00E-04,67.21,-5.60E-04,0.54297704,0,TRUE,0,0,0,4.66E-04
1565838909307,-10.91,0.136,272.575,-4.00E-04,1,-6.00E-04,9.00E-04,67.33,-5.60E-04,0.54297704,0,TRUE,0,0,0,0.001024366
1565838909394,-10.911,0.136,273.324,-4.00E-04,1,-6.00E-04,0.001,67.44,-5.60E-04,0.54297704,0,TRUE,0,0,0,4.69E-04
1565838909482,-10.913,0.136,274.074,-4.00E-04,1,-6.00E-04,0.0011,67.55,-5.60E-04,0.54297704,0,TRUE,0,0,0,9.26E-04
1565838909573,-10.915,0.136,274.826,-4.00E-04,1,-6.00E-04,0.0012,67.67,-5.60E-04,0.54688334,0,TRUE,0,0,0,9.74E-04
1565838909662,-10.917,0.136,275.578,-4.00E-04,1,-6.00E-04,0.0013,67.78,-5.60E-04,0.54297704,0,TRUE,0,0,0,9.13E-04
1565838909761,-10.919,0.136,276.332,-4.00E-04,1,-6.00E-04,0.0014,67.9,-5.60E-04,0.5351644,0,TRUE,0,0,0,8.93E-04
1565838909865,-10.921,0.136,277.088,-4.00E-04,1,-6.00E-04,0.0014,68.01,-5.60E-04,0.5000076,0,TRUE,0,0,0,7.77E-04
1565838909976,-10.924,0.136,277.844,-4.00E-04,1,-6.00E-04,0.0015,68.11,-5.60E-04,0.4444343,0,TRUE,0,0,0,9.93E-04
1565838910106,-10.926,0.136,278.601,-4.00E-04,1,-6.00E-04,0.0016,68.18,-5.60E-04,0.3492027,0,TRUE,0,0,0,3.95E-04
1565838910248,-10.929,0.136,279.359,-4.00E-04,1,-5.00E-04,0.0017,68.21,-5.60E-04,0.20634776,0,TRUE,0,0,0,2.32E-04
1565838910357,-10.931,0.136,280.117,-4.00E-04,1,-5.00E-04,0.0018,68.14,-5.60E-04,0.20238042,0,TRUE,0,0,0,-4.71E-04
1565838910500,-10.934,0.136,280.873,-4.00E-04,1,-5.00E-04,0.0018,68.04,-5.60E-04,0.33730066,0,TRUE,0,0,0,-7.71E-04
1565838910610,-10.937,0.136,281.629,-4.00E-04,1,-5.00E-04,0.0019,68.02,-5.60E-04,0.3888762,0,TRUE,0,0,0,-2.00E-04
1565838910715,-10.94,0.136,282.385,-4.00E-04,1,-5.00E-04,0.002,68.06,-5.60E-04,0.43253225,0,TRUE,0,0,0,4.20E-04
1565838910808,-10.944,0.136,283.142,-4.00E-04,1,-5.00E-04,0.0021,68.11,-5.60E-04,0.4444343,0,TRUE,0,0,0,7.89E-04
1565838910896,-10.947,0.136,283.899,-4.00E-04,1,-5.00E-04,0.0022,68.18,-5.60E-04,0.4444343,0,TRUE,0,0,0,8.75E-04
1565838910984,-10.95,0.136,284.657,-4.00E-04,1,-5.00E-04,0.0023,68.24,-5.60E-04,0.4444343,0,TRUE,0,0,0,7.50E-04
1565838911071,-10.954,0.136,285.416,-4.00E-04,1,-5.00E-04,0.0023,68.31,-5.60E-04,0.4444343,0,TRUE,0,0,0,0.001178079
1565838911158,-10.958,0.136,286.175,-4.00E-04,1,-5.00E-04,0.0024,68.37,-5.60E-04,0.4444343,0,TRUE,0,0,0,0.001009593
1565838911246,-10.962,0.136,286.935,-4.00E-04,1,-5.00E-04,0.0025,68.44,-5.60E-04,0.4444343,0,TRUE,0,0,0,0.001162825
1565838911337,-10.966,0.136,287.696,-4.00E-04,1,-5.00E-04,0.0026,68.51,-5.60E-04,0.4444343,0,TRUE,0,0,0,0.001123002
1565838911424,-10.97,0.136,288.458,-4.00E-04,1,-5.00E-04,0.0027,68.57,-5.60E-04,0.4444343,0,TRUE,0,0,0,0.001005742
1565838911514,-10.974,0.136,289.22,-4.00E-04,1,-5.00E-04,0.0028,68.64,-5.60E-04,0.44046694,0,TRUE,0,0,0,0.001134025
1565838911601,-10.978,0.136,289.984,-4.00E-04,1,-5.00E-04,0.0028,68.7,-5.60E-04,0.44046694,0,TRUE,0,0,0,0.001002852
1565838911688,-10.983,0.136,290.747,-4.00E-04,1,-5.00E-04,0.0029,68.77,-5.60E-04,0.44046694,0,TRUE,0,0,0,0.001464604
1565838911779,-10.988,0.136,291.512,-4.00E-04,1,-5.00E-04,0.003,68.83,-5.60E-04,0.44046694,0,TRUE,0,0,0,0.00119719
1565838911868,-10.992,0.136,292.277,-4.00E-04,1,-5.00E-04,0.0031,68.9,-5.60E-04,0.44046694,0,TRUE,0,0,0,0.001142238
1565838911960,-10.997,0.136,293.043,-4.00E-04,1,-5.00E-04,0.0032,68.96,-5.60E-04,0.44046694,0,TRUE,0,0,0,0.00118247
1565838912069,-11.002,0.136,293.81,-4.00E-04,1,-5.00E-04,0.0033,69.03,-4.10E-04,0.44046694,0,TRUE,0,0,0,0.001162903
1565838912207,-11.008,0.136,294.578,-4.00E-04,1,-5.00E-04,0.0033,69.09,7.10E-04,0.44046694,0,TRUE,0,0,0,9.44E-04
1565838912303,-11.013,0.136,295.346,-4.00E-04,1,-5.00E-04,0.0033,69.16,7.50E-04,0.4444343,0,TRUE,0,0,0,0.00131854
1565838912413,-11.018,0.136,296.115,-5.00E-04,1,-5.00E-04,0.0032,69.23,6.00E-04,0.4444343,0,TRUE,0,0,0,0.001149359
1565838912553,-11.022,0.136,296.884,-5.00E-04,1,-5.00E-04,0.0031,69.29,-2.00E-05,0.4444343,0,TRUE,0,0,0,6.19E-04
1565838912680,-11.027,0.136,297.655,-4.00E-04,1,-5.00E-04,0.0031,69.36,-2.50E-04,0.4444343,0,TRUE,0,0,0,9.93E-04
1565838912790,-11.032,0.136,298.426,-4.00E-04,1,-5.00E-04,0.0031,69.43,-1.00E-04,0.4444343,0,TRUE,0,0,0,0.001146138
1565838912930,-11.037,0.136,299.198,-4.00E-04,1,-5.00E-04,0.0031,69.5,4.40E-04,0.4444343,0,TRUE,0,0,0,9.00E-04
1565838913019,-11.041,0.136,299.971,-4.00E-04,1,-5.00E-04,0.0031,69.56,4.40E-04,0.44046694,0,TRUE,0,0,0,9.69E-04
1565838913107,-11.046,0.136,300.744,-4.00E-04,1,-5.00E-04,0.0031,69.63,4.40E-04,0.4444343,0,TRUE,0,0,0,0.001428996
1565838913196,-11.051,0.136,301.518,-4.00E-04,1,-5.00E-04,0.003,69.7,4.40E-04,0.4444343,0,TRUE,0,0,0,0.001411315
1565838913283,-11.055,0.136,302.293,-4.00E-04,1,-5.00E-04,0.0029,69.76,4.40E-04,0.4444343,0,TRUE,0,0,0,9.89E-04
1565838913371,-11.06,0.136,303.069,-4.00E-04,1,-5.00E-04,0.0029,69.83,4.40E-04,0.4444343,0,TRUE,0,0,0,0.001423704
1565838913456,-11.064,0.136,303.845,-4.00E-04,1,-5.00E-04,0.0028,69.9,4.40E-04,0.4444343,0,TRUE,0,0,0,0.001179058
1565838913549,-11.068,0.136,304.622,-4.00E-04,1,-5.00E-04,0.0027,69.97,4.40E-04,0.44046694,0,TRUE,0,0,0,0.001076237
1565838913643,-11.072,0.136,305.4,-4.00E-04,1,-5.00E-04,0.0027,70.03,4.70E-04,0.44046694,0,TRUE,0,0,0,9.11E-04
1565838913788,-11.076,0.136,306.179,-4.00E-04,1,-5.00E-04,0.0026,70.1,0.0011,0.44046694,0,TRUE,0,0,0,6.89E-04
1565838913917,-11.08,0.136,306.959,-5.00E-04,1,-5.00E-04,0.0025,70.17,0.00144,0.44046694,0,TRUE,0,0,0,7.73E-04
1565838914013,-11.083,0.136,307.739,-5.00E-04,1,-5.00E-04,0.0023,70.23,0.00137,0.44046694,0,TRUE,0,0,0,6.68E-04
1565838914144,-11.087,0.136,308.52,-5.00E-04,1,-5.00E-04,0.0021,70.3,0.00106,0.44046694,0,TRUE,0,0,0,7.60E-04
1565838914294,-11.09,0.136,309.301,-5.00E-04,1,-5.00E-04,0.0019,70.37,3.40E-04,0.44046694,0,TRUE,0,0,0,4.98E-04
1565838914400,-11.092,0.136,310.084,-5.00E-04,1,-5.00E-04,0.0018,70.43,1.80E-04,0.44046694,0,TRUE,0,0,0,4.02E-04
1565838914486,-11.095,0.136,310.867,-4.00E-04,1,-5.00E-04,0.0018,70.5,1.80E-04,0.44046694,0,TRUE,0,0,0,8.66E-04
1565838914573,-11.098,0.136,311.65,-4.00E-04,1,-5.00E-04,0.0018,70.57,1.80E-04,0.44046694,0,TRUE,0,0,0,8.56E-04
1565838914661,-11.101,0.136,312.435,-4.00E-04,1,-5.00E-04,0.0017,70.63,1.80E-04,0.44046694,0,TRUE,0,0,0,7.24E-04
1565838914773,-11.103,0.136,313.22,-4.00E-04,1,-5.00E-04,0.0017,70.7,-1.00E-05,0.4364996,0,TRUE,0,0,0,4.42E-04
1565838914911,-11.106,0.136,314.006,-4.00E-04,1,-5.00E-04,0.0017,70.76,-7.70E-04,0.4364996,0,TRUE,0,0,0,4.61E-04
1565838915014,-11.109,0.136,314.793,-4.00E-04,1,-5.00E-04,0.0018,70.83,-7.80E-04,0.42459756,0,TRUE,0,0,0,7.20E-04
1565838915135,-11.112,0.136,315.581,-4.00E-04,1,-5.00E-04,0.0019,70.89,-7.80E-04,0.341268,0,TRUE,0,0,0,5.24E-04
1565838915275,-11.115,0.136,316.368,-4.00E-04,1,-5.00E-04,0.002,70.91,-7.80E-04,0.15475702,0,TRUE,0,0,0,1.51E-04
1565838915414,-11.118,0.136,317.156,-4.00E-04,1,-5.00E-04,0.0021,70.84,-7.80E-04,0,0,TRUE,0,0,0,-5.33E-04
1565838915502,-11.122,0.136,317.943,-4.00E-04,1,-5.00E-04,0.0022,70.74,-7.80E-04,0,0,TRUE,0,0,0,-0.001604218
1565838915593,-11.126,0.136,318.728,-4.00E-04,1,-4.00E-04,0.0023,70.64,-7.80E-04,0,0,TRUE,0,0,0,-0.001555623
1565838915682,-11.13,0.136,319.512,-4.00E-04,1,-4.00E-04,0.0024,70.54,-8.10E-04,0,0,TRUE,0,0,0,-0.001592244
1565838915769,-11.134,0.136,320.295,-4.00E-04,1,-4.00E-04,0.0026,70.44,-8.10E-04,0,0,TRUE,0,0,0,-0.001630879
1565838915906,-11.138,0.136,321.077,-4.00E-04,1,-4.00E-04,0.0027,70.34,-0.00113,0,0,TRUE,0,0,0,-0.001037121
1565838916044,-11.143,0.136,321.858,-4.00E-04,1,-4.00E-04,0.0028,70.24,-0.00187,0,0,TRUE,0,0,0,-0.001288631
1565838916130,-11.148,0.136,322.638,-4.00E-04,1,-4.00E-04,0.003,70.14,-0.00187,0,0,TRUE,0,0,0,-0.002070473
1565838916253,-11.153,0.136,323.417,-3.00E-04,1,-4.00E-04,0.0033,70.04,-0.00173,0,0,TRUE,0,0,0,-0.001449519
1565838916402,-11.159,0.136,324.194,-3.00E-04,1,-4.00E-04,0.0035,69.94,-0.00117,0.10316622,0,TRUE,0,0,0,-0.001439643
1565838916515,-11.165,0.136,324.97,-4.00E-04,1,-4.00E-04,0.0038,69.84,-0.00116,0.15078968,0,TRUE,0,0,0,-0.001900597
1565838916605,-11.171,0.136,325.746,-4.00E-04,1,-4.00E-04,0.0039,69.73,-0.00116,0.1587244,0,TRUE,0,0,0,-0.002624608
1565838916741,-11.177,0.136,326.52,-4.00E-04,1,-4.00E-04,0.0041,69.63,-7.70E-04,0.1587244,0,TRUE,0,0,0,-0.001583534
1565838916884,-11.184,0.136,327.293,-4.00E-04,1,-4.00E-04,0.0042,69.53,6.90E-04,0.15872437,0,TRUE,0,0,0,-0.001758928
1565838916990,-11.191,0.136,328.065,-4.00E-04,1,-4.00E-04,0.0043,69.43,8.50E-04,0.15872437,0,TRUE,0,0,0,-0.002375988
1565838917080,-11.197,0.136,328.836,-5.00E-04,1,-4.00E-04,0.0042,69.33,8.50E-04,0.16269171,0,TRUE,0,0,0,-0.002401612
1565838917224,-11.203,0.136,329.605,-5.00E-04,1,-4.00E-04,0.004,69.23,4.50E-04,0.16269171,0,TRUE,0,0,0,-0.001505118
1565838917365,-11.209,0.136,330.374,-5.00E-04,1,-4.00E-04,0.0039,69.13,4.00E-05,0.15872437,0,TRUE,0,0,0,-0.001537076
1565838917506,-11.215,0.136,331.141,-4.00E-04,1,-4.00E-04,0.0039,69.03,7.50E-04,0.15872437,0,TRUE,0,0,0,-0.001541178
1565838917645,-11.221,0.136,331.908,-4.00E-04,1,-4.00E-04,0.0038,68.93,0.00171,0.15872437,0,TRUE,0,0,0,-0.001563105
1565838917731,-11.226,0.136,332.673,-5.00E-04,1,-4.00E-04,0.0036,68.83,0.00171,0.15872437,0,TRUE,0,0,0,-0.002111025
1565838917820,-11.231,0.136,333.437,-5.00E-04,1,-4.00E-04,0.0034,68.73,0.00171,0.15872437,0,TRUE,0,0,0,-0.002042556
1565838917925,-11.236,0.136,334.2,-5.00E-04,1,-4.00E-04,0.0032,68.63,0.00158,0.15872437,0,TRUE,0,0,0,-0.001733726
1565838918071,-11.24,0.136,334.962,-5.00E-04,1,-4.00E-04,0.0029,68.53,0.0011,0.16269171,0,TRUE,0,0,0,-9.99E-04
1565838918211,-11.244,0.136,335.723,-5.00E-04,1,-4.00E-04,0.0027,68.42,6.70E-04,0.16269171,0,TRUE,0,0,0,-0.001147397
1565838918300,-11.248,0.136,336.482,-5.00E-04,1,-4.00E-04,0.0026,68.32,6.70E-04,0.16269171,0,TRUE,0,0,0,-0.001644675
1565838918390,-11.252,0.136,337.241,-5.00E-04,1,-4.00E-04,0.0025,68.22,6.70E-04,0.16269171,0,TRUE,0,0,0,-0.001626401
1565838918479,-11.255,0.136,337.998,-5.00E-04,1,-4.00E-04,0.0024,68.12,6.70E-04,0.15872437,0,TRUE,0,0,0,-0.001236992
1565838918567,-11.258,0.136,338.754,-5.00E-04,1,-4.00E-04,0.0023,68.02,6.70E-04,0.15872437,0,TRUE,0,0,0,-0.001252761
1565838918688,-11.262,0.136,339.509,-5.00E-04,1,-4.00E-04,0.0022,67.92,4.70E-04,0.15872437,0,TRUE,0,0,0,-0.001216125
1565838918829,-11.265,0.136,340.263,-5.00E-04,1,-4.00E-04,0.0021,67.82,-2.00E-05,0.15872437,0,TRUE,0,0,0,-7.84E-04
1565838918918,-11.268,0.136,341.016,-4.00E-04,1,-4.00E-04,0.002,67.72,-2.00E-05,0.15872437,0,TRUE,0,0,0,-0.001243164
1565838919005,-11.271,0.136,341.768,-4.00E-04,1,-4.00E-04,0.002,67.62,-2.00E-05,0.15872437,0,TRUE,0,0,0,-0.001273799
1565838919099,-11.274,0.136,342.519,-4.00E-04,1,-4.00E-04,0.002,67.52,-2.00E-05,0.15872434,0,TRUE,0,0,0,-0.001180613
1565838919186,-11.277,0.136,343.268,-4.00E-04,1,-4.00E-04,0.002,67.42,-2.00E-05,0.15872437,0,TRUE,0,0,0,-0.001278937
1565838919273,-11.28,0.136,344.017,-4.00E-04,1,-4.00E-04,0.002,67.32,-2.00E-05,0.15872437,0,TRUE,0,0,0,-0.001278531
1565838919360,-11.283,0.136,344.764,-4.00E-04,1,-4.00E-04,0.002,67.22,-2.00E-05,0.15872437,0,TRUE,0,0,0,-0.001282333
1565838919448,-11.286,0.136,345.51,-4.00E-04,1,-4.00E-04,0.002,67.11,-2.00E-05,0.15872437,0,TRUE,0,0,0,-0.001396449
1565838919536,-11.289,0.136,346.255,-4.00E-04,1,-4.00E-04,0.002,67.01,-2.00E-05,0.15872437,0,TRUE,0,0,0,-0.001270785
1565838919633,-11.292,0.136,346.999,-4.00E-04,1,-4.00E-04,0.002,66.91,4.00E-05,0.15475702,0,TRUE,0,0,0,-0.001154805
1565838919774,-11.295,0.136,347.742,-4.00E-04,1,-4.00E-04,0.002,66.81,6.20E-04,0.154757,0,TRUE,0,0,0,-7.96E-04
1565838919893,-11.298,0.136,348.484,-4.00E-04,1,-4.00E-04,0.002,66.71,8.40E-04,0.15475702,0,TRUE,0,0,0,-9.44E-04
1565838919979,-11.301,0.136,349.224,-5.00E-04,1,-4.00E-04,0.0019,66.61,8.40E-04,0.15475702,0,TRUE,0,0,0,-0.001309133
1565838920074,-11.303,0.136,349.964,-5.00E-04,1,-4.00E-04,0.0018,66.51,8.30E-04,0.15872437,0,TRUE,0,0,0,-7.91E-04
1565838920168,-11.306,0.136,350.702,-5.00E-04,1,-4.00E-04,0.0016,66.41,7.90E-04,0.15475702,0,TRUE,0,0,0,-0.001200936
1565838920308,-11.308,0.136,351.439,-5.00E-04,1,-4.00E-04,0.0015,66.31,4.40E-04,0.15475702,0,TRUE,0,0,0,-5.38E-04
1565838920413,-11.31,0.136,352.176,-5.00E-04,1,-4.00E-04,0.0014,66.21,3.00E-04,0.15475702,0,TRUE,0,0,0,-7.18E-04
1565838920500,-11.312,0.136,352.911,-4.00E-04,1,-4.00E-04,0.0014,66.11,3.00E-04,0.15475702,0,TRUE,0,0,0,-8.69E-04
1565838920589,-11.314,0.136,353.644,-4.00E-04,1,-4.00E-04,0.0013,66.01,3.00E-04,0.15475702,0,TRUE,0,0,0,-8.52E-04
1565838920707,-11.315,0.136,354.377,-4.00E-04,1,-4.00E-04,0.0013,65.91,4.70E-04,0.15475702,0,TRUE,0,0,0,-3.21E-04
1565838920843,-11.317,0.136,355.109,-4.00E-04,1,-4.00E-04,0.0012,65.8,0.00146,0.15475702,0,TRUE,0,0,0,-6.14E-04
1565838920947,-11.319,0.136,355.839,-5.00E-04,1,-4.00E-04,0.0011,65.7,0.00154,0.15475702,0,TRUE,0,0,0,-7.32E-04
1565838921089,-11.32,0.136,356.569,-5.00E-04,1,-4.00E-04,9.00E-04,65.6,8.40E-04,0.154757,0,TRUE,0,0,0,-2.68E-04
1565838921228,-11.321,0.136,357.297,-5.00E-04,1,-4.00E-04,7.00E-04,65.5,-3.30E-04,0.15475702,0,TRUE,0,0,0,-2.75E-04
1565838921373,-11.322,0.136,358.024,-4.00E-04,1,-4.00E-04,7.00E-04,65.4,1.70E-04,0.15475702,0,TRUE,0,0,0,-2.63E-04
1565838921512,-11.323,0.136,358.75,-4.00E-04,1,-4.00E-04,7.00E-04,65.3,8.90E-04,0.15475702,0,TRUE,0,0,0,-2.75E-04
1565838921611,-11.323,0.136,359.475,-4.00E-04,1,-4.00E-04,6.00E-04,65.2,8.50E-04,0.15475702,0,TRUE,0,0,0,0
1565838921753,-11.324,0.136,360.199,-5.00E-04,1,-4.00E-04,5.00E-04,65.1,4.40E-04,0.15475702,0,TRUE,0,0,0,-2.70E-04
1565838921876,-11.324,0.136,360.922,-5.00E-04,1,-4.00E-04,4.00E-04,65,1.80E-04,0.15475702,0,TRUE,0,0,0,0
1565838921965,-11.325,0.136,361.643,-4.00E-04,1,-4.00E-04,3.00E-04,64.9,1.80E-04,0.16269171,0,TRUE,0,0,0,-4.33E-04
1565838922072,-11.325,0.136,362.364,-4.00E-04,1,-4.00E-04,3.00E-04,64.8,1.80E-04,0.20634776,0,TRUE,0,0,0,0
1565838922198,-11.326,0.136,363.083,-4.00E-04,1,-4.00E-04,3.00E-04,64.69,1.80E-04,0.3015793,0,TRUE,0,0,0,-3.37E-04
1565838922308,-11.326,0.136,363.801,-4.00E-04,1,-5.00E-04,2.00E-04,64.66,1.80E-04,0.35317004,0,TRUE,0,0,0,0
1565838922396,-11.326,0.136,364.52,-4.00E-04,1,-5.00E-04,2.00E-04,64.67,1.80E-04,0.35713738,0,TRUE,0,0,0,0
1565838922485,-11.327,0.136,365.239,-4.00E-04,1,-5.00E-04,2.00E-04,64.69,1.80E-04,0.35713738,0,TRUE,0,0,0,8.68E-05
1565838922574,-11.327,0.136,365.958,-4.00E-04,1,-5.00E-04,2.00E-04,64.71,1.80E-04,0.36110473,0,TRUE,0,0,0,0
1565838922665,-11.327,0.136,366.677,-4.00E-04,1,-5.00E-04,1.00E-04,64.73,1.80E-04,0.36507207,0,TRUE,0,0,0,0
1565838922762,-11.327,0.136,367.396,-4.00E-04,1,-5.00E-04,1.00E-04,64.75,1.80E-04,0.3809415,0,TRUE,0,0,0,0
1565838922851,-11.327,0.136,368.116,-4.00E-04,1,-5.00E-04,1.00E-04,64.78,1.80E-04,0.3809415,0,TRUE,0,0,0,0
1565838922937,-11.327,0.136,368.836,-4.00E-04,1,-5.00E-04,1.00E-04,64.81,1.80E-04,0.3809415,0,TRUE,0,0,0,0
1565838923026,-11.327,0.136,369.557,-4.00E-04,1,-5.00E-04,1.00E-04,64.84,1.80E-04,0.3809415,0,TRUE,0,0,0,0
1565838923113,-11.327,0.136,370.277,-4.00E-04,1,-5.00E-04,0,64.87,1.80E-04,0.3809415,0,TRUE,0,0,0,0
1565838923201,-11.327,0.136,370.998,-4.00E-04,1,-5.00E-04,0,64.9,1.80E-04,0.3809415,0,TRUE,0,0,0,0
1565838923286,-11.327,0.136,371.72,-4.00E-04,1,-5.00E-04,0,64.93,1.80E-04,0.3809415,0,TRUE,0,0,0,0
1565838923376,-11.327,0.136,372.442,-4.00E-04,1,-5.00E-04,0,64.96,1.80E-04,0.3809415,0,TRUE,0,0,0,0
1565838923461,-11.327,0.136,373.164,-4.00E-04,1,-5.00E-04,-1.00E-04,65,1.80E-04,0.3809415,0,TRUE,0,0,0,0
1565838923549,-11.327,0.136,373.886,-4.00E-04,1,-5.00E-04,-1.00E-04,65.03,1.80E-04,0.3809415,0,TRUE,0,0,0,0
1565838923635,-11.327,0.136,374.609,-4.00E-04,1,-5.00E-04,-1.00E-04,65.06,1.80E-04,0.3809415,0,TRUE,0,0,0,0
1565838923720,-11.327,0.136,375.332,-4.00E-04,1,-5.00E-04,-1.00E-04,65.09,1.80E-04,0.3809415,0,TRUE,0,0,0,0
1565838923808,-11.326,0.136,376.056,-4.00E-04,1,-5.00E-04,-2.00E-04,65.12,1.80E-04,0.3809415,0,TRUE,0,0,0,1.31E-04
1565838923899,-11.326,0.136,376.779,-4.00E-04,1,-5.00E-04,-2.00E-04,65.15,1.80E-04,0.37300676,0,TRUE,0,0,0,0
1565838924045,-11.326,0.136,377.503,-4.00E-04,1,-5.00E-04,-2.00E-04,65.18,6.60E-04,0.35713738,0,TRUE,0,0,0,0
1565838924188,-11.325,0.136,378.228,-4.00E-04,1,-5.00E-04,-3.00E-04,65.2,0.00243,0.35713738,0,TRUE,0,0,0,5.36E-05
1565838924330,-11.324,0.136,378.952,-5.00E-04,1,-5.00E-04,-5.00E-04,65.22,0.00424,0.35713738,0,TRUE,0,0,0,5.40E-05
1565838924427,-11.323,0.136,379.677,-6.00E-04,1,-5.00E-04,-9.00E-04,65.24,0.00429,0.34523535,0,TRUE,0,0,0,7.90E-05
1565838924525,-11.32,0.136,380.402,-6.00E-04,1,-5.00E-04,-0.0015,65.25,0.0043,0.33730066,0,TRUE,0,0,0,1.17E-04
1565838924625,-11.317,0.136,381.127,-6.00E-04,1,-5.00E-04,-0.002,65.26,0.00433,0.31348133,0,TRUE,0,0,0,1.15E-04
1565838924766,-11.312,0.136,381.853,-6.00E-04,1,-5.00E-04,-0.0026,65.26,0.0054,0.309514,0,TRUE,0,0,0,0
1565838924906,-11.307,0.136,382.578,-6.00E-04,1,-5.00E-04,-0.0033,65.26,0.00726,0.309514,0,TRUE,0,0,0,0
1565838925017,-11.3,0.136,383.303,-7.00E-04,1,-5.00E-04,-0.0042,65.26,0.00712,0.309514,0,TRUE,0,0,0,0
1565838925162,-11.292,0.136,384.028,-7.00E-04,1,-5.00E-04,-0.0051,65.25,0.00592,0.309514,0,TRUE,0,0,0,-2.11E-04
1565838925300,-11.282,0.136,384.753,-7.00E-04,1,-5.00E-04,-0.006,65.25,0.00503,0.3015793,0,TRUE,0,0,0,0
1565838925400,-11.271,0.136,385.478,-6.00E-04,1,-5.00E-04,-0.0068,65.24,0.00513,0.3015793,0,TRUE,0,0,0,-4.21E-04
1565838925539,-11.26,0.136,386.203,-6.00E-04,1,-5.00E-04,-0.0075,65.24,0.00446,0.3015793,0,TRUE,0,0,0,0
1565838925681,-11.247,0.136,386.927,-6.00E-04,1,-5.00E-04,-0.0082,65.23,7.40E-04,0.3015793,0,TRUE,0,0,0,-3.51E-04
1565838925819,-11.235,0.136,387.652,-5.00E-04,1,-5.00E-04,-0.0085,65.22,-0.00109,0.3015793,0,TRUE,0,0,0,-3.33E-04
1565838925959,-11.222,0.136,388.377,-4.00E-04,1,-5.00E-04,-0.0086,65.21,7.90E-04,0.3015793,0,TRUE,0,0,0,-3.56E-04
1565838926101,-11.21,0.136,389.101,-4.00E-04,1,-5.00E-04,-0.0086,65.21,0.00389,0.3015793,0,TRUE,0,0,0,0
1565838926240,-11.197,0.136,389.825,-5.00E-04,1,-5.00E-04,-0.0088,65.2,0.0019,0.3015793,0,TRUE,0,0,0,-3.59E-04
1565838926382,-11.183,0.136,390.55,-6.00E-04,1,-5.00E-04,-0.0092,65.19,-0.00175,0.3015793,0,TRUE,0,0,0,-3.77E-04
1565838926529,-11.17,0.136,391.274,-4.00E-04,1,-5.00E-04,-0.0093,65.18,-0.00317,0.3015793,0,TRUE,0,0,0,-3.39E-04
1565838926642,-11.157,0.136,391.998,-3.00E-04,1,-5.00E-04,-0.009,65.18,-0.00333,0.309514,0,TRUE,0,0,0,0
1565838926781,-11.145,0.136,392.722,-3.00E-04,1,-5.00E-04,-0.0085,65.17,-0.00448,0.309514,0,TRUE,0,0,0,-3.31E-04
1565838926932,-11.134,0.136,393.446,-3.00E-04,1,-5.00E-04,-0.008,65.17,-0.00599,0.309514,0,TRUE,0,0,0,0
1565838927082,-11.124,0.136,394.17,-2.00E-04,1,-5.00E-04,-0.0073,65.16,-0.00684,0.309514,0,TRUE,0,0,0,-2.56E-04
1565838927226,-11.115,0.136,394.894,-2.00E-04,1,-5.00E-04,-0.0064,65.16,-0.00718,0.30554664,0,TRUE,0,0,0,0
1565838927365,-11.108,0.136,395.618,-1.00E-04,1,-5.00E-04,-0.0055,65.15,-0.00494,0.31348133,0,TRUE,0,0,0,-1.93E-04
1565838927503,-11.102,0.136,396.342,-2.00E-04,1,-5.00E-04,-0.0047,65.15,-0.00121,0.31348133,0,TRUE,0,0,0,0
1565838927645,-11.097,0.136,397.066,-3.00E-04,1,-5.00E-04,-0.0042,65.15,0.00154,0.31348133,0,TRUE,0,0,0,0
1565838927757,-11.091,0.136,397.79,-5.00E-04,1,-5.00E-04,-0.0042,65.15,0.00144,0.31348133,0,TRUE,0,0,0,0
1565838927910,-11.084,0.136,398.514,-5.00E-04,1,-5.00E-04,-0.0044,65.15,0.00102,0.31348133,0,TRUE,0,0,0,0
1565838928057,-11.078,0.136,399.238,-5.00E-04,1,-5.00E-04,-0.0045,65.14,6.70E-04,0.341268,0,TRUE,0,0,0,-1.57E-04
1565838928158,-11.071,0.136,399.962,-5.00E-04,1,-5.00E-04,-0.0046,65.15,6.70E-04,0.36903942,0,TRUE,0,0,0,2.66E-04
1565838928252,-11.064,0.136,400.686,-5.00E-04,1,-5.00E-04,-0.0047,65.17,6.70E-04,0.3809415,0,TRUE,0,0,0,5.71E-04
1565838928360,-11.057,0.136,401.41,-5.00E-04,1,-5.00E-04,-0.0048,65.2,6.70E-04,0.43253225,0,TRUE,0,0,0,7.46E-04
1565838928476,-11.049,0.136,402.135,-5.00E-04,1,-5.00E-04,-0.0049,65.25,6.70E-04,0.5000076,0,TRUE,0,0,0,0.001321229
1565838928608,-11.042,0.136,402.861,-5.00E-04,1,-5.00E-04,-0.005,65.33,5.80E-04,0.54688334,0,TRUE,0,0,0,0.001623204
1565838928761,-11.035,0.136,403.587,-5.00E-04,1,-6.00E-04,-0.0051,65.44,-6.30E-04,0.5781338,0,TRUE,0,0,0,0.001925452
1565838928937,-11.027,0.136,404.315,-4.00E-04,1,-6.00E-04,-0.0051,65.56,-0.00111,0.605478,0,TRUE,0,0,0,0.0020809
1565838929076,-11.02,0.136,405.045,-4.00E-04,1,-6.00E-04,-0.005,65.7,-0.00161,0.62891585,0,TRUE,0,0,0,0.002682598
1565838929178,-11.013,0.136,405.776,-4.00E-04,1,-6.00E-04,-0.0048,65.85,-0.00171,0.62891585,0,TRUE,0,0,0,0.003912177
1565838929278,-11.007,0.136,406.508,-4.00E-04,1,-6.00E-04,-0.0046,66,-0.00169,0.62891585,0,TRUE,0,0,0,0.003414998
1565838929462,-11.001,0.136,407.243,-4.00E-04,1,-6.00E-04,-0.0043,66.15,-0.00104,0.62891585,0,TRUE,0,0,0,0.001848349
1565838929628,-10.995,0.136,407.979,-4.00E-04,1,-6.00E-04,-0.0041,66.31,-6.70E-04,0.62891585,0,TRUE,0,0,0,0.002182728
1565838929741,-10.989,0.136,408.717,-4.00E-04,1,-6.00E-04,-0.004,66.46,-6.70E-04,0.63282216,0,TRUE,0,0,0,0.002997505
1565838929850,-10.983,0.136,409.456,-4.00E-04,1,-6.00E-04,-0.0039,66.62,-6.70E-04,0.63282216,0,TRUE,0,0,0,0.003310861
1565838929962,-10.978,0.136,410.198,-4.00E-04,1,-6.00E-04,-0.0038,66.77,-6.70E-04,0.63282216,0,TRUE,0,0,0,0.002506783
1565838930080,-10.972,0.136,410.941,-4.00E-04,1,-6.00E-04,-0.0037,66.93,-6.70E-04,0.62891585,0,TRUE,0,0,0,0.003041274
1565838930249,-10.967,0.136,411.686,-4.00E-04,1,-6.00E-04,-0.0036,67.09,-6.70E-04,0.4761883,0,TRUE,0,0,0,0.001764968
1565838930418,-10.962,0.136,412.432,-4.00E-04,1,-6.00E-04,-0.0035,67.19,-6.70E-04,0,0,TRUE,0,0,0,0.00110171
1565838930531,-10.957,0.136,413.178,-4.00E-04,1,-5.00E-04,-0.0034,67.13,-6.70E-04,0,0,TRUE,0,0,0,-9.89E-04
1565838930645,-10.952,0.136,413.923,-4.00E-04,1,-5.00E-04,-0.0033,67.03,-6.70E-04,0,0,TRUE,0,0,0,-0.00163532
1565838930759,-10.947,0.136,414.668,-4.00E-04,1,-4.00E-04,-0.0032,66.93,-6.70E-04,0,0,TRUE,0,0,0,-0.00163532
1565838930871,-10.943,0.136,415.411,-4.00E-04,1,-4.00E-04,-0.0031,66.83,-6.70E-04,0,0,TRUE,0,0,0,-0.001335056
1565838930982,-10.939,0.136,416.152,-4.00E-04,1,-4.00E-04,-0.003,66.73,-6.70E-04,0,0,TRUE,0,0,0,-0.001350745
1565838931094,-10.934,0.136,416.893,-4.00E-04,1,-4.00E-04,-0.0029,66.63,-6.70E-04,0,0,TRUE,0,0,0,-0.00167363
1565838931214,-10.93,0.136,417.633,-4.00E-04,1,-4.00E-04,-0.0028,66.53,-6.70E-04,0,0,TRUE,0,0,0,-0.00125114
1565838931326,-10.926,0.136,418.371,-4.00E-04,1,-4.00E-04,-0.0027,66.43,-6.70E-04,0,0,TRUE,0,0,0,-0.00134443
1565838931441,-10.922,0.136,419.109,-4.00E-04,1,-4.00E-04,-0.0027,66.32,-6.70E-04,0,0,TRUE,0,0,0,-0.001439981
1565838931552,-10.919,0.136,419.845,-4.00E-04,1,-4.00E-04,-0.0026,66.22,-6.70E-04,0,0,TRUE,0,0,0,-0.001020116
1565838931682,-10.915,0.136,420.58,-4.00E-04,1,-4.00E-04,-0.0025,66.12,-6.70E-04,0,0.05952543,TRUE,0,0,0,-0.001162762
1565838931844,-10.912,0.136,421.314,-4.00E-04,1,-4.00E-04,-0.0024,65.92,-6.70E-04,0,0.35713738,TRUE,0,0,0,-0.001401769
1565838931988,-10.909,0.136,422.042,-4.00E-04,1,-3.00E-04,-0.0023,65.2,-6.70E-04,0,0.29761195,TRUE,0,0,0,-0.005722105
1565838932146,-10.905,0.136,422.761,-4.00E-04,1,-1.00E-04,-0.0023,64.42,-6.70E-04,0,0.19444573,TRUE,0,0,0,-0.007630172
1565838932296,-10.902,0.136,423.472,-4.00E-04,1,-1.00E-04,-0.0022,63.83,-6.70E-04,0,0.10316622,TRUE,0,0,0,-0.004608968
1565838932431,-10.9,0.136,424.179,-4.00E-04,1,-2.00E-04,-0.0021,63.46,-6.70E-04,0,0.05952546,TRUE,0,0,0,-0.002154531
1565838932568,-10.897,0.136,424.882,-4.00E-04,1,-3.00E-04,-0.002,63.2,-6.70E-04,0,0.115083516,TRUE,0,0,0,-0.002249092
1565838932689,-10.894,0.136,425.582,-4.00E-04,1,-4.00E-04,-0.002,62.88,-6.70E-04,0,0.1349203,TRUE,0,0,0,-0.003148553
1565838932803,-10.892,0.136,426.278,-4.00E-04,1,-3.00E-04,-0.0019,62.49,-6.70E-04,0,0.14285499,TRUE,0,0,0,-0.002730455
1565838932918,-10.889,0.136,426.97,-4.00E-04,1,-3.00E-04,-0.0018,62.08,-6.70E-04,0,0.13888764,TRUE,0,0,0,-0.004293789
1565838933045,-10.887,0.136,427.657,-4.00E-04,1,-3.00E-04,-0.0018,61.68,-6.70E-04,0,0.11905086,TRUE,0,0,0,-0.00254676
1565838933175,-10.885,0.136,428.34,-4.00E-04,1,-3.00E-04,-0.0017,61.3,-6.70E-04,0,0.08729684,TRUE,0,0,0,-0.002377527
1565838933297,-10.883,0.136,429.019,-4.00E-04,1,-3.00E-04,-0.0016,60.99,-6.70E-04,0,0.09523153,TRUE,0,0,0,-0.002078799
1565838933428,-10.881,0.136,429.695,-4.00E-04,1,-3.00E-04,-0.0015,60.69,-6.70E-04,0,0.05952543,TRUE,0,0,0,-0.001882835
1565838933566,-10.879,0.136,430.367,-4.00E-04,1,-3.00E-04,-0.0015,60.44,-6.70E-04,0,0,TRUE,0,0,0,-0.001497572
1565838933677,-10.877,0.136,431.038,-4.00E-04,1,-4.00E-04,-0.0014,60.3,-6.70E-04,0,0,TRUE,0,0,0,-0.001044194
1565838933794,-10.875,0.136,431.707,-4.00E-04,1,-4.00E-04,-0.0013,60.2,-6.70E-04,0,0,TRUE,0,0,0,-7.10E-04
1565838933904,-10.874,0.136,432.375,-4.00E-04,1,-5.00E-04,-0.0012,60.1,-6.70E-04,0,0,TRUE,0,0,0,-3.78E-04
1565838934016,-10.872,0.136,433.042,-4.00E-04,1,-5.00E-04,-0.0011,60,-6.70E-04,0,0,TRUE,0,0,0,-7.44E-04
1565838934128,-10.871,0.136,433.708,-4.00E-04,1,-5.00E-04,-0.0011,59.9,-6.70E-04,0,0,TRUE,0,0,0,-3.72E-04
1565838934240,-10.87,0.136,434.373,-4.00E-04,1,-4.00E-04,-0.001,59.8,-6.70E-04,0,0,TRUE,0,0,0,-3.73E-04
1565838934353,-10.869,0.136,435.037,-4.00E-04,1,-4.00E-04,-9.00E-04,59.7,-6.70E-04,0,0,TRUE,0,0,0,-3.70E-04
1565838934519,-10.868,0.136,435.7,-4.00E-04,1,-4.00E-04,-8.00E-04,59.6,-6.70E-04,0.123018205,0,TRUE,0,0,0,-2.52E-04
1565838934695,-10.867,0.136,436.361,-4.00E-04,1,-4.00E-04,-7.00E-04,59.5,-6.70E-04,0.2658732,0,TRUE,0,0,0,-2.39E-04
1565838934821,-10.866,0.136,437.022,-4.00E-04,1,-5.00E-04,-7.00E-04,59.46,-6.70E-04,0.29761195,0,TRUE,0,0,0,-1.33E-04
1565838934938,-10.865,0.136,437.683,-4.00E-04,1,-5.00E-04,-6.00E-04,59.46,-6.70E-04,0.30554664,0,TRUE,0,0,0,0
1565838935062,-10.865,0.136,438.344,-4.00E-04,1,-5.00E-04,-5.00E-04,59.47,-6.70E-04,0.31744868,0,TRUE,0,0,0,0
1565838935185,-10.864,0.136,439.005,-4.00E-04,1,-5.00E-04,-4.00E-04,59.48,-6.70E-04,0.341268,0,TRUE,0,0,0,3.41E-05
1565838935310,-10.864,0.136,439.666,-4.00E-04,1,-5.00E-04,-3.00E-04,59.51,-6.70E-04,0.36110473,0,TRUE,0,0,0,0
1565838935429,-10.864,0.136,440.327,-4.00E-04,1,-5.00E-04,-2.00E-04,59.54,-6.70E-04,0.36903942,0,TRUE,0,0,0,0
1565838935549,-10.864,0.136,440.989,-4.00E-04,1,-5.00E-04,-1.00E-04,59.59,-6.70E-04,0.37697417,0,TRUE,0,0,0,0
1565838935665,-10.864,0.136,441.652,-4.00E-04,1,-5.00E-04,-1.00E-04,59.64,-6.70E-04,0.37697417,0,TRUE,0,0,0,0
1565838935778,-10.864,0.136,442.315,-4.00E-04,1,-5.00E-04,0,59.69,-6.70E-04,0.37697417,0,TRUE,0,0,0,0
1565838935898,-10.864,0.136,442.978,-4.00E-04,1,-5.00E-04,1.00E-04,59.74,-6.70E-04,0.36903942,0,TRUE,0,0,0,0
1565838936013,-10.865,0.136,443.642,-4.00E-04,1,-5.00E-04,2.00E-04,59.79,-6.70E-04,0.36903942,0,TRUE,0,0,0,1.82E-04
1565838936129,-10.865,0.136,444.307,-4.00E-04,1,-5.00E-04,3.00E-04,59.83,-6.70E-04,0.36903942,0,TRUE,0,0,0,0
1565838936245,-10.866,0.136,444.972,-4.00E-04,1,-5.00E-04,4.00E-04,59.88,-6.70E-04,0.37300676,0,TRUE,0,0,0,1.80E-04
1565838936360,-10.866,0.136,445.638,-4.00E-04,1,-5.00E-04,5.00E-04,59.92,-6.50E-04,0.37697417,0,TRUE,0,0,0,0
1565838936546,-10.867,0.136,446.304,-4.00E-04,1,-5.00E-04,5.00E-04,59.97,-2.00E-05,0.37697417,0,TRUE,0,0,0,1.12E-04
1565838936708,-10.868,0.136,446.971,-4.00E-04,1,-5.00E-04,6.00E-04,60.02,6.20E-04,0.37697417,0,TRUE,0,0,0,1.29E-04
1565838936874,-10.869,0.136,447.638,-4.00E-04,1,-5.00E-04,6.00E-04,60.07,2.30E-04,0.37300676,0,TRUE,0,0,0,1.25E-04
1565838937042,-10.869,0.136,448.306,-4.00E-04,1,-5.00E-04,5.00E-04,60.12,-3.80E-04,0.37300676,0,TRUE,0,0,0,0
1565838937158,-10.87,0.136,448.974,-4.00E-04,1,-5.00E-04,5.00E-04,60.17,-3.80E-04,0.3809415,0,TRUE,0,0,0,1.79E-04
1565838937271,-10.871,0.136,449.643,-4.00E-04,1,-5.00E-04,6.00E-04,60.22,-3.80E-04,0.3809415,0,TRUE,0,0,0,1.84E-04
1565838937382,-10.872,0.136,450.313,-4.00E-04,1,-5.00E-04,6.00E-04,60.27,-3.80E-04,0.3809415,0,TRUE,0,0,0,1.87E-04
1565838937493,-10.873,0.136,450.983,-4.00E-04,1,-5.00E-04,7.00E-04,60.33,-3.80E-04,0.3809415,0,TRUE,0,0,0,2.24E-04
1565838937610,-10.874,0.136,451.654,-4.00E-04,1,-5.00E-04,7.00E-04,60.38,-3.80E-04,0.3888762,0,TRUE,0,0,0,1.77E-04
1565838937727,-10.875,0.136,452.325,-4.00E-04,1,-5.00E-04,8.00E-04,60.43,-3.80E-04,0.3888762,0,TRUE,0,0,0,1.77E-04
1565838937841,-10.876,0.136,452.997,-4.00E-04,1,-5.00E-04,8.00E-04,60.49,-3.80E-04,0.3888762,0,TRUE,0,0,0,2.18E-04
1565838937954,-10.877,0.136,453.67,-4.00E-04,1,-5.00E-04,9.00E-04,60.55,-3.80E-04,0.3888762,0,TRUE,0,0,0,2.19E-04
1565838938071,-10.878,0.136,454.343,-4.00E-04,1,-5.00E-04,9.00E-04,60.6,-3.80E-04,0.3888762,0,TRUE,0,0,0,1.76E-04
1565838938185,-10.88,0.136,455.017,-4.00E-04,1,-5.00E-04,0.001,60.66,-3.80E-04,0.39284354,0,TRUE,0,0,0,4.34E-04
1565838938308,-10.881,0.136,455.691,-4.00E-04,1,-5.00E-04,0.001,60.72,-3.80E-04,0.39682615,0,TRUE,0,0,0,2.01E-04
1565838938419,-10.883,0.136,456.366,-4.00E-04,1,-5.00E-04,0.0011,60.78,-3.80E-04,0.39682615,0,TRUE,0,0,0,4.45E-04
1565838938537,-10.884,0.136,457.042,-4.00E-04,1,-5.00E-04,0.0011,60.84,-3.80E-04,0.39682615,0,TRUE,0,0,0,2.09E-04
1565838938651,-10.886,0.136,457.719,-4.00E-04,1,-5.00E-04,0.0012,60.9,-3.80E-04,0.39284354,0,TRUE,0,0,0,4.32E-04
1565838938763,-10.888,0.136,458.396,-4.00E-04,1,-5.00E-04,0.0012,60.96,-3.80E-04,0.39682615,0,TRUE,0,0,0,4.40E-04
1565838938877,-10.889,0.136,459.074,-4.00E-04,1,-5.00E-04,0.0013,61.03,-3.80E-04,0.4007935,0,TRUE,0,0,0,2.52E-04
1565838938990,-10.891,0.136,459.752,-4.00E-04,1,-5.00E-04,0.0013,61.09,-3.80E-04,0.39284354,0,TRUE,0,0,0,4.35E-04
1565838939103,-10.893,0.136,460.431,-4.00E-04,1,-5.00E-04,0.0014,61.15,-3.80E-04,0.4007935,0,TRUE,0,0,0,4.34E-04
1565838939221,-10.895,0.136,461.111,-4.00E-04,1,-5.00E-04,0.0014,61.21,-3.80E-04,0.40872818,0,TRUE,0,0,0,4.16E-04
1565838939338,-10.897,0.136,461.792,-4.00E-04,1,-5.00E-04,0.0015,61.28,-3.80E-04,0.40872818,0,TRUE,0,0,0,4.88E-04
1565838939450,-10.899,0.136,462.473,-4.00E-04,1,-5.00E-04,0.0015,61.35,-3.80E-04,0.40872818,0,TRUE,0,0,0,5.10E-04
1565838939562,-10.902,0.136,463.156,-4.00E-04,1,-5.00E-04,0.0016,61.42,-3.80E-04,0.40872818,0,TRUE,0,0,0,7.63E-04
1565838939673,-10.904,0.136,463.839,-4.00E-04,1,-5.00E-04,0.0016,61.49,-3.80E-04,0.40872818,0,TRUE,0,0,0,5.13E-04
1565838939788,-10.906,0.136,464.522,-4.00E-04,1,-5.00E-04,0.0017,61.55,-3.80E-04,0.41269553,0,TRUE,0,0,0,4.24E-04
1565838939899,-10.909,0.136,465.207,-4.00E-04,1,-5.00E-04,0.0018,61.62,-3.80E-04,0.41269553,0,TRUE,0,0,0,7.67E-04
1565838940011,-10.911,0.136,465.892,-4.00E-04,1,-5.00E-04,0.0018,61.69,-3.80E-04,0.41269553,0,TRUE,0,0,0,5.07E-04
1565838940129,-10.914,0.136,466.578,-4.00E-04,1,-5.00E-04,0.0019,61.77,-3.80E-04,0.41269553,0,TRUE,0,0,0,8.23E-04
1565838940253,-10.917,0.136,467.265,-4.00E-04,1,-5.00E-04,0.0019,61.84,-3.80E-04,0.41269553,0,TRUE,0,0,0,6.85E-04
1565838940367,-10.919,0.136,467.952,-4.00E-04,1,-5.00E-04,0.002,61.91,-3.80E-04,0.41269553,0,TRUE,0,0,0,4.97E-04
1565838940479,-10.922,0.136,468.641,-4.00E-04,1,-5.00E-04,0.002,61.98,-3.80E-04,0.41269553,0,TRUE,0,0,0,7.56E-04
1565838940596,-10.925,0.136,469.33,-4.00E-04,1,-5.00E-04,0.0021,62.05,-3.80E-04,0.40872818,0,TRUE,0,0,0,7.24E-04
1565838940708,-10.928,0.136,470.02,-4.00E-04,1,-5.00E-04,0.0021,62.12,-3.80E-04,0.40872818,0,TRUE,0,0,0,7.55E-04
1565838940820,-10.931,0.136,470.711,-4.00E-04,1,-5.00E-04,0.0022,62.18,-3.80E-04,0.41269553,0,TRUE,0,0,0,6.46E-04
1565838940937,-10.934,0.136,471.402,-4.00E-04,1,-5.00E-04,0.0022,62.25,-3.80E-04,0.41269553,0,TRUE,0,0,0,7.22E-04
1565838941049,-10.937,0.136,472.094,-4.00E-04,1,-5.00E-04,0.0023,62.33,-3.80E-04,0.41269553,0,TRUE,0,0,0,8.60E-04
1565838941181,-10.941,0.136,472.787,-4.00E-04,1,-5.00E-04,0.0023,62.4,-2.40E-04,0.41269553,0,TRUE,0,0,0,8.50E-04
1565838941343,-10.944,0.136,473.481,-4.00E-04,1,-5.00E-04,0.0024,62.47,4.40E-04,0.41666287,0,TRUE,0,0,0,5.19E-04
1565838941462,-10.947,0.136,474.176,-4.00E-04,1,-5.00E-04,0.0024,62.54,4.40E-04,0.41666287,0,TRUE,0,0,0,7.05E-04
1565838941582,-10.95,0.136,474.871,-4.00E-04,1,-5.00E-04,0.0023,62.61,4.40E-04,0.41269553,0,TRUE,0,0,0,6.99E-04
1565838941695,-10.954,0.136,475.567,-4.00E-04,1,-5.00E-04,0.0023,62.68,4.40E-04,0.41666287,0,TRUE,0,0,0,9.89E-04
1565838941814,-10.957,0.136,476.264,-4.00E-04,1,-5.00E-04,0.0022,62.75,4.40E-04,0.42063022,0,TRUE,0,0,0,7.03E-04
1565838941929,-10.96,0.136,476.962,-4.00E-04,1,-5.00E-04,0.0022,62.83,4.40E-04,0.41666287,0,TRUE,0,0,0,8.31E-04
1565838942041,-10.962,0.136,477.661,-4.00E-04,1,-5.00E-04,0.0021,62.9,4.40E-04,0.42063022,0,TRUE,0,0,0,4.97E-04
1565838942160,-10.965,0.136,478.36,-4.00E-04,1,-5.00E-04,0.002,62.97,4.40E-04,0.42063022,0,TRUE,0,0,0,7.01E-04
1565838942273,-10.968,0.136,479.061,-4.00E-04,1,-5.00E-04,0.002,63.05,4.40E-04,0.42459756,0,TRUE,0,0,0,8.42E-04
1565838942388,-10.971,0.136,479.762,-4.00E-04,1,-5.00E-04,0.0019,63.13,4.40E-04,0.41269553,0,TRUE,0,0,0,8.27E-04
1565838942506,-10.973,0.136,480.464,-4.00E-04,1,-5.00E-04,0.0019,63.2,4.40E-04,0.4007935,0,TRUE,0,0,0,4.69E-04
1565838942625,-10.976,0.136,481.166,-4.00E-04,1,-5.00E-04,0.0018,63.26,4.40E-04,0.3809415,0,TRUE,0,0,0,5.99E-04
1565838942735,-10.978,0.136,481.87,-4.00E-04,1,-5.00E-04,0.0018,63.32,4.40E-04,0.3809415,0,TRUE,0,0,0,4.30E-04
1565838942854,-10.98,0.136,482.574,-4.00E-04,1,-5.00E-04,0.0017,63.37,4.40E-04,0.39284354,0,TRUE,0,0,0,3.32E-04
1565838942968,-10.983,0.136,483.278,-4.00E-04,1,-5.00E-04,0.0016,63.42,4.40E-04,0.39682615,0,TRUE,0,0,0,5.19E-04
1565838943085,-10.985,0.136,483.983,-4.00E-04,1,-5.00E-04,0.0016,63.48,4.40E-04,0.39682615,0,TRUE,0,0,0,4.04E-04
1565838943202,-10.987,0.136,484.689,-4.00E-04,1,-5.00E-04,0.0015,63.54,4.40E-04,0.3809415,0,TRUE,0,0,0,4.04E-04
1565838943322,-10.989,0.136,485.396,-4.00E-04,1,-5.00E-04,0.0015,63.59,4.40E-04,0.37697417,0,TRUE,0,0,0,3.27E-04
1565838943449,-10.991,0.136,486.103,-4.00E-04,1,-5.00E-04,0.0014,63.64,4.40E-04,0.35317004,0,TRUE,0,0,0,3.09E-04
1565838943561,-10.993,0.136,486.81,-4.00E-04,1,-5.00E-04,0.0014,63.68,4.40E-04,0.35317004,0,TRUE,0,0,0,2.81E-04
1565838943680,-10.995,0.136,487.518,-4.00E-04,1,-5.00E-04,0.0013,63.72,4.40E-04,0.36903942,0,TRUE,0,0,0,2.64E-04
1565838943793,-10.996,0.136,488.226,-4.00E-04,1,-5.00E-04,0.0012,63.76,4.40E-04,0.37300676,0,TRUE,0,0,0,1.39E-04
1565838943910,-10.998,0.136,488.935,-4.00E-04,1,-5.00E-04,0.0012,63.8,4.40E-04,0.37697417,0,TRUE,0,0,0,2.68E-04
1565838944027,-10.999,0.136,489.644,-4.00E-04,1,-5.00E-04,0.0011,63.85,4.40E-04,0.3809415,0,TRUE,0,0,0,1.67E-04
1565838944144,-11.001,0.136,490.354,-4.00E-04,1,-5.00E-04,0.0011,63.9,4.40E-04,0.3809415,0,TRUE,0,0,0,3.35E-04
1565838944258,-11.002,0.136,491.064,-4.00E-04,1,-5.00E-04,0.001,63.95,4.40E-04,0.3888762,0,TRUE,0,0,0,1.71E-04
1565838944372,-11.004,0.136,491.775,-4.00E-04,1,-5.00E-04,0.001,64,4.40E-04,0.39284354,0,TRUE,0,0,0,3.43E-04
1565838944484,-11.005,0.136,492.487,-4.00E-04,1,-5.00E-04,9.00E-04,64.06,4.40E-04,0.39682615,0,TRUE,0,0,0,2.09E-04
1565838944600,-11.006,0.136,493.199,-4.00E-04,1,-5.00E-04,8.00E-04,64.12,4.40E-04,0.4007935,0,TRUE,0,0,0,2.02E-04
1565838944717,-11.007,0.136,493.912,-4.00E-04,1,-5.00E-04,8.00E-04,64.18,4.40E-04,0.39682615,0,TRUE,0,0,0,2.00E-04
1565838944828,-11.008,0.136,494.626,-4.00E-04,1,-5.00E-04,7.00E-04,64.24,4.40E-04,0.39682615,0,TRUE,0,0,0,2.10E-04
1565838944939,-11.009,0.136,495.34,-4.00E-04,1,-5.00E-04,7.00E-04,64.3,4.40E-04,0.39682615,0,TRUE,0,0,0,2.10E-04
1565838945052,-11.01,0.136,496.055,-4.00E-04,1,-5.00E-04,6.00E-04,64.35,4.40E-04,0.4007935,0,TRUE,0,0,0,1.72E-04
1565838945166,-11.01,0.136,496.77,-4.00E-04,1,-5.00E-04,6.00E-04,64.39,4.40E-04,0.4007935,0,TRUE,0,0,0,0
1565838945282,-11.011,0.136,497.486,-4.00E-04,1,-5.00E-04,5.00E-04,64.43,4.40E-04,0.4007935,0,TRUE,0,0,0,1.34E-04
1565838945394,-11.012,0.136,498.202,-4.00E-04,1,-5.00E-04,4.00E-04,64.47,4.40E-04,0.4007935,0,TRUE,0,0,0,1.39E-04
1565838945507,-11.012,0.136,498.919,-4.00E-04,1,-5.00E-04,4.00E-04,64.51,4.40E-04,0.4007935,0,TRUE,0,0,0,0
1565838945635,-11.013,0.136,499.636,-4.00E-04,1,-5.00E-04,3.00E-04,64.55,3.90E-04,0.40476084,0,TRUE,0,0,0,1.21E-04
1565838945801,-11.013,0.136,500.354,-4.00E-04,1,-5.00E-04,3.00E-04,64.59,-1.00E-05,0.40476084,0,TRUE,0,0,0,0
1565838945912,-11.013,0.136,501.072,-4.00E-04,1,-5.00E-04,2.00E-04,64.63,-2.00E-05,0.40476084,0,TRUE,0,0,0,0
1565838946023,-11.014,0.136,501.79,-4.00E-04,1,-5.00E-04,2.00E-04,64.67,-2.00E-05,0.40476084,0,TRUE,0,0,0,1.39E-04
1565838946134,-11.014,0.136,502.509,-4.00E-04,1,-5.00E-04,2.00E-04,64.71,-2.00E-05,0.40476084,0,TRUE,0,0,0,0
1565838946249,-11.014,0.136,503.229,-4.00E-04,1,-5.00E-04,2.00E-04,64.76,-2.00E-05,0.39682615,0,TRUE,0,0,0,0
1565838946364,-11.015,0.136,503.948,-4.00E-04,1,-5.00E-04,3.00E-04,64.8,-2.00E-05,0.39682615,0,TRUE,0,0,0,1.34E-04
1565838946475,-11.015,0.136,504.669,-4.00E-04,1,-5.00E-04,3.00E-04,64.83,-2.00E-05,0.39682615,0,TRUE,0,0,0,0
1565838946587,-11.015,0.136,505.389,-4.00E-04,1,-5.00E-04,3.00E-04,64.87,-2.00E-05,0.39682615,0,TRUE,0,0,0,0
1565838946700,-11.016,0.136,506.11,-4.00E-04,1,-5.00E-04,3.00E-04,64.91,-2.00E-05,0.40476084,0,TRUE,0,0,0,1.36E-04
1565838946816,-11.016,0.136,506.832,-4.00E-04,1,-5.00E-04,3.00E-04,64.95,-2.00E-05,0.4007935,0,TRUE,0,0,0,0
1565838946930,-11.017,0.136,507.554,-4.00E-04,1,-5.00E-04,3.00E-04,64.99,-2.00E-05,0.4007935,0,TRUE,0,0,0,1.35E-04
1565838947043,-11.017,0.136,508.276,-4.00E-04,1,-5.00E-04,3.00E-04,65.03,-2.00E-05,0.4007935,0,TRUE,0,0,0,0
1565838947163,-11.017,0.136,508.999,-4.00E-04,1,-5.00E-04,3.00E-04,65.07,-2.00E-05,0.40476084,0,TRUE,0,0,0,0
1565838947275,-11.018,0.136,509.723,-4.00E-04,1,-5.00E-04,3.00E-04,65.11,-2.00E-05,0.40476084,0,TRUE,0,0,0,1.37E-04
1565838947390,-11.018,0.136,510.446,-4.00E-04,1,-5.00E-04,3.00E-04,65.15,-2.00E-05,0.41269553,0,TRUE,0,0,0,0
1565838947501,-11.019,0.136,511.171,-4.00E-04,1,-5.00E-04,3.00E-04,65.2,-2.00E-05,0.41269553,0,TRUE,0,0,0,1.73E-04
1565838947614,-11.019,0.136,511.896,-4.00E-04,1,-5.00E-04,3.00E-04,65.25,-2.00E-05,0.41269553,0,TRUE,0,0,0,0
1565838947728,-11.019,0.136,512.621,-4.00E-04,1,-5.00E-04,3.00E-04,65.29,-2.00E-05,0.41666287,0,TRUE,0,0,0,0
1565838947842,-11.02,0.136,513.347,-4.00E-04,1,-5.00E-04,3.00E-04,65.34,-2.00E-05,0.42063022,0,TRUE,0,0,0,1.68E-04
1565838947957,-11.02,0.136,514.073,-4.00E-04,1,-5.00E-04,3.00E-04,65.39,-2.00E-05,0.42063022,0,TRUE,0,0,0,0
1565838948068,-11.021,0.136,514.8,-4.00E-04,1,-5.00E-04,3.00E-04,65.44,-2.00E-05,0.42063022,0,TRUE,0,0,0,1.72E-04
1565838948187,-11.021,0.136,515.528,-4.00E-04,1,-5.00E-04,3.00E-04,65.49,-2.00E-05,0.42459756,0,TRUE,0,0,0,0
1565838948304,-11.022,0.136,516.256,-4.00E-04,1,-5.00E-04,3.00E-04,65.54,-2.00E-05,0.4285649,0,TRUE,0,0,0,1.63E-04
1565838948419,-11.022,0.136,516.984,-4.00E-04,1,-5.00E-04,3.00E-04,65.6,-2.00E-05,0.43253225,0,TRUE,0,0,0,0
1565838948531,-11.023,0.136,517.714,-4.00E-04,1,-5.00E-04,3.00E-04,65.65,-2.00E-05,0.4285649,0,TRUE,0,0,0,1.70E-04
1565838948643,-11.023,0.136,518.443,-4.00E-04,1,-5.00E-04,3.00E-04,65.71,-2.00E-05,0.42459756,0,TRUE,0,0,0,0
1565838948754,-11.024,0.136,519.174,-4.00E-04,1,-5.00E-04,3.00E-04,65.76,-2.00E-05,0.4285649,0,TRUE,0,0,0,1.71E-04
1565838948865,-11.024,0.136,519.905,-4.00E-04,1,-5.00E-04,3.00E-04,65.81,-2.00E-05,0.4285649,0,TRUE,0,0,0,0
1565838948983,-11.025,0.136,520.637,-4.00E-04,1,-5.00E-04,3.00E-04,65.87,-2.00E-05,0.43253225,0,TRUE,0,0,0,1.93E-04
1565838949096,-11.025,0.136,521.369,-4.00E-04,1,-5.00E-04,4.00E-04,65.93,-2.00E-05,0.43253225,0,TRUE,0,0,0,0
1565838949215,-11.026,0.136,522.102,-4.00E-04,1,-5.00E-04,4.00E-04,65.98,-2.00E-05,0.4285649,0,TRUE,0,0,0,1.59E-04
1565838949352,-11.026,0.136,522.836,-4.00E-04,1,-5.00E-04,4.00E-04,66.04,-1.50E-04,0.4364996,0,TRUE,0,0,0,0
1565838949521,-11.027,0.136,523.57,-4.00E-04,1,-5.00E-04,4.00E-04,66.1,-9.00E-04,0.4364996,0,TRUE,0,0,0,1.34E-04
1565838949639,-11.028,0.136,524.305,-4.00E-04,1,-5.00E-04,4.00E-04,66.16,-9.10E-04,0.4285649,0,TRUE,0,0,0,1.92E-04
1565838949778,-11.028,0.136,525.04,-4.00E-04,1,-5.00E-04,6.00E-04,66.21,-0.00107,0.4285649,0,TRUE,0,0,0,0
1565838949946,-11.03,0.136,525.776,-4.00E-04,1,-5.00E-04,7.00E-04,66.27,-0.00161,0.4364996,0,TRUE,0,0,0,2.70E-04
1565838950117,-11.031,0.136,526.513,-4.00E-04,1,-5.00E-04,9.00E-04,66.33,-9.50E-04,0.4364996,0,TRUE,0,0,0,1.32E-04
1565838950286,-11.033,0.136,527.251,-4.00E-04,1,-5.00E-04,0.0011,66.39,4.00E-05,0.4364996,0,TRUE,0,0,0,2.67E-04
1565838950401,-11.035,0.136,527.989,-4.00E-04,1,-5.00E-04,0.0012,66.44,4.00E-05,0.4364996,0,TRUE,0,0,0,3.27E-04
1565838950511,-11.036,0.136,528.727,-4.00E-04,1,-5.00E-04,0.0012,66.5,4.00E-05,0.4364996,0,TRUE,0,0,0,2.05E-04
1565838950622,-11.038,0.136,529.467,-4.00E-04,1,-5.00E-04,0.0012,66.56,4.00E-05,0.4364996,0,TRUE,0,0,0,4.06E-04
1565838950734,-11.04,0.136,530.207,-4.00E-04,1,-5.00E-04,0.0012,66.62,4.00E-05,0.4364996,0,TRUE,0,0,0,4.02E-04
1565838950847,-11.041,0.136,530.948,-4.00E-04,1,-5.00E-04,0.0011,66.68,4.00E-05,0.4364996,0,TRUE,0,0,0,1.99E-04
1565838950959,-11.043,0.136,531.689,-4.00E-04,1,-5.00E-04,0.0011,66.74,4.00E-05,0.4364996,0,TRUE,0,0,0,4.02E-04
1565838951076,-11.045,0.136,532.431,-4.00E-04,1,-5.00E-04,0.0011,66.8,4.00E-05,0.4364996,0,TRUE,0,0,0,3.84E-04
1565838951241,-11.047,0.136,533.174,-4.00E-04,1,-5.00E-04,0.0011,66.86,6.90E-04,0.4364996,0,TRUE,0,0,0,2.72E-04
1565838951392,-11.048,0.136,533.917,-4.00E-04,1,-5.00E-04,0.0011,66.92,8.80E-04,0.4285649,0,TRUE,0,0,0,1.49E-04
1565838951562,-11.049,0.136,534.661,-5.00E-04,1,-5.00E-04,0.001,66.98,4.40E-04,0.4285649,0,TRUE,0,0,0,1.32E-04
1565838951702,-11.051,0.136,535.406,-5.00E-04,1,-5.00E-04,9.00E-04,67.04,2.30E-04,0.4285649,0,TRUE,0,0,0,3.20E-04
1565838951813,-11.052,0.136,536.151,-4.00E-04,1,-5.00E-04,9.00E-04,67.1,2.30E-04,0.4285649,0,TRUE,0,0,0,2.02E-04
1565838951928,-11.053,0.136,536.897,-4.00E-04,1,-5.00E-04,8.00E-04,67.15,2.30E-04,0.44046694,0,TRUE,0,0,0,1.62E-04
1565838952053,-11.054,0.136,537.644,-4.00E-04,1,-5.00E-04,8.00E-04,67.21,2.30E-04,0.46030366,0,TRUE,0,0,0,1.78E-04
1565838952170,-11.055,0.136,538.391,-4.00E-04,1,-5.00E-04,8.00E-04,67.28,2.30E-04,0.4682536,0,TRUE,0,0,0,2.23E-04
1565838952282,-11.056,0.136,539.139,-4.00E-04,1,-5.00E-04,7.00E-04,67.36,2.30E-04,0.4682536,0,TRUE,0,0,0,2.65E-04
1565838952400,-11.057,0.136,539.888,-4.00E-04,1,-5.00E-04,7.00E-04,67.44,2.30E-04,0.4682536,0,TRUE,0,0,0,2.52E-04
1565838952514,-11.058,0.136,540.638,-4.00E-04,1,-5.00E-04,7.00E-04,67.51,2.30E-04,0.4682536,0,TRUE,0,0,0,2.27E-04
1565838952628,-11.059,0.136,541.389,-4.00E-04,1,-5.00E-04,6.00E-04,67.59,2.30E-04,0.464271,0,TRUE,0,0,0,2.60E-04
1565838952783,-11.06,0.136,542.141,-4.00E-04,1,-5.00E-04,6.00E-04,67.67,-1.00E-04,0.464271,0,TRUE,0,0,0,1.91E-04
1565838952944,-11.061,0.136,542.893,-4.00E-04,1,-5.00E-04,6.00E-04,67.74,-4.60E-04,0.464271,0,TRUE,0,0,0,1.61E-04
1565838953060,-11.062,0.136,543.646,-4.00E-04,1,-5.00E-04,6.00E-04,67.82,-4.60E-04,0.464271,0,TRUE,0,0,0,2.55E-04
1565838953174,-11.063,0.136,544.4,-4.00E-04,1,-5.00E-04,7.00E-04,67.89,-4.60E-04,0.464271,0,TRUE,0,0,0,2.26E-04
1565838953339,-11.065,0.136,545.155,-4.00E-04,1,-5.00E-04,8.00E-04,67.97,-4.20E-04,0.63672847,0,TRUE,0,0,0,3.57E-04
1565838953501,-11.066,0.136,545.911,-4.00E-04,1,-6.00E-04,9.00E-04,68.11,-4.20E-04,0.7929656,0,TRUE,0,0,0,3.18E-04
1565838953634,-11.067,0.136,546.67,-4.00E-04,1,-6.00E-04,9.00E-04,68.33,-4.20E-04,0.7578088,0,TRUE,0,0,0,6.06E-04
1565838953747,-11.069,0.136,547.431,-4.00E-04,1,-6.00E-04,0.001,68.56,-4.20E-04,0.7539025,0,TRUE,0,0,0,0.001485676
1565838953869,-11.071,0.136,548.194,-4.00E-04,1,-6.00E-04,0.0011,68.78,-4.20E-04,0.7499962,0,TRUE,0,0,0,0.001313015
1565838953990,-11.072,0.136,548.96,-4.00E-04,1,-6.00E-04,0.0011,69,-4.20E-04,0.74610513,0,TRUE,0,0,0,6.59E-04
1565838954108,-11.074,0.136,549.728,-4.00E-04,1,-6.00E-04,0.0012,69.22,-4.20E-04,0.7382925,0,TRUE,0,0,0,0.001349213
1565838954246,-11.076,0.136,550.499,-4.00E-04,1,-6.00E-04,0.0013,69.44,-4.20E-04,0.6836042,0,TRUE,0,0,0,0.001148652
1565838954385,-11.078,0.136,551.272,-4.00E-04,1,-6.00E-04,0.0013,69.64,-4.20E-04,0.62891585,0,TRUE,0,0,0,0.001034075
1565838954549,-11.08,0.136,552.047,-4.00E-04,1,-6.00E-04,0.0014,69.8,-4.20E-04,0.4682536,0,TRUE,0,0,0,6.99E-04
1565838954717,-11.083,0.136,552.823,-4.00E-04,1,-6.00E-04,0.0015,69.91,-4.20E-04,0.3015793,0,TRUE,0,0,0,7.03E-04
1565838954879,-11.085,0.136,553.6,-4.00E-04,1,-5.00E-04,0.0015,69.92,-4.20E-04,0.18651104,0,TRUE,0,0,0,4.41E-05
1565838955027,-11.088,0.136,554.377,-4.00E-04,1,-5.00E-04,0.0016,69.84,-4.20E-04,0.10316622,0,TRUE,0,0,0,-5.80E-04
1565838955165,-11.09,0.136,555.152,-4.00E-04,1,-5.00E-04,0.0017,69.74,-4.20E-04,0.15475702,0,TRUE,0,0,0,-5.19E-04
1565838955299,-11.093,0.136,555.926,-4.00E-04,1,-4.00E-04,0.0017,69.64,-4.20E-04,0.18651104,0,TRUE,0,0,0,-8.03E-04
1565838955421,-11.096,0.136,556.699,-4.00E-04,1,-4.00E-04,0.0018,69.54,-4.20E-04,0.16665906,0,TRUE,0,0,0,-8.83E-04
1565838955550,-11.099,0.136,557.471,-4.00E-04,1,-4.00E-04,0.0018,69.44,-4.20E-04,0.1349203,0,TRUE,0,0,0,-8.37E-04
1565838955676,-11.102,0.136,558.242,-4.00E-04,1,-4.00E-04,0.0019,69.34,-4.20E-04,0.10316622,0,TRUE,0,0,0,-8.58E-04
1565838955791,-11.105,0.136,559.012,-4.00E-04,1,-4.00E-04,0.0019,69.24,-4.20E-04,0.09523153,0,TRUE,0,0,0,-9.41E-04
1565838955904,-11.108,0.136,559.781,-4.00E-04,1,-4.00E-04,0.002,69.14,-4.20E-04,0.09523153,0,TRUE,0,0,0,-9.59E-04
1565838956019,-11.111,0.136,560.548,-4.00E-04,1,-4.00E-04,0.002,69.04,-4.20E-04,0.09919885,0,TRUE,0,0,0,-9.45E-04
1565838956137,-11.114,0.136,561.315,-4.00E-04,1,-4.00E-04,0.0021,68.94,-4.20E-04,0.09919888,0,TRUE,0,0,0,-9.21E-04
1565838956307,-11.118,0.136,562.08,-4.00E-04,1,-4.00E-04,0.0022,68.84,2.10E-04,0.09919888,0,TRUE,0,0,0,-8.54E-04
1565838956473,-11.121,0.136,562.844,-4.00E-04,1,-4.00E-04,0.0022,68.74,0.00128,0.09523153,0,TRUE,0,0,0,-6.57E-04
1565838956585,-11.124,0.136,563.607,-5.00E-04,1,-4.00E-04,0.0021,68.64,0.00128,0.0952315,0,TRUE,0,0,0,-9.75E-04
1565838956696,-11.127,0.136,564.369,-5.00E-04,1,-4.00E-04,0.0019,68.53,0.00128,0.09523153,0,TRUE,0,0,0,-0.001083818
1565838956815,-11.129,0.136,565.13,-5.00E-04,1,-4.00E-04,0.0017,68.43,0.00128,0.09919888,0,TRUE,0,0,0,-6.13E-04
1565838956928,-11.131,0.136,565.89,-5.00E-04,1,-4.00E-04,0.0015,68.33,0.00128,0.09919888,0,TRUE,0,0,0,-6.47E-04
1565838957040,-11.133,0.136,566.649,-5.00E-04,1,-4.00E-04,0.0013,68.23,0.00128,0.09919888,0,TRUE,0,0,0,-6.54E-04
1565838957156,-11.135,0.136,567.406,-5.00E-04,1,-4.00E-04,0.0011,68.13,0.00128,0.10316625,0,TRUE,0,0,0,-6.33E-04
1565838957269,-11.136,0.136,568.163,-5.00E-04,1,-4.00E-04,0.001,68.03,0.00128,0.10316622,0,TRUE,0,0,0,-3.25E-04
1565838957384,-11.137,0.136,568.918,-5.00E-04,1,-4.00E-04,8.00E-04,67.93,0.00127,0.10316622,0,TRUE,0,0,0,-3.20E-04
1565838957549,-11.138,0.136,569.672,-5.00E-04,1,-4.00E-04,6.00E-04,67.83,9.20E-04,0.10316622,0,TRUE,0,0,0,-2.23E-04
1565838957689,-11.138,0.136,570.425,-5.00E-04,1,-4.00E-04,4.00E-04,67.73,7.00E-04,0.10316622,0,TRUE,0,0,0,0
1565838957826,-11.139,0.136,571.177,-5.00E-04,1,-4.00E-04,3.00E-04,67.63,6.60E-04,0.10316622,0,TRUE,0,0,0,-2.70E-04
1565838957998,-11.139,0.136,571.928,-5.00E-04,1,-4.00E-04,2.00E-04,67.53,-7.00E-05,0.10316622,0,TRUE,0,0,0,0
1565838958139,-11.139,0.136,572.677,-4.00E-04,1,-4.00E-04,1.00E-04,67.43,-2.40E-04,0.10316622,0,TRUE,0,0,0,0
1565838958259,-11.139,0.136,573.426,-4.00E-04,1,-4.00E-04,2.00E-04,67.32,-2.40E-04,0.10316622,0,TRUE,0,0,0,0
1565838958369,-11.14,0.136,574.173,-4.00E-04,1,-4.00E-04,2.00E-04,67.22,-2.40E-04,0.10316622,0,TRUE,0,0,0,-3.38E-04
1565838958484,-11.14,0.136,574.919,-4.00E-04,1,-4.00E-04,2.00E-04,67.12,-2.40E-04,0.10316622,0,TRUE,0,0,0,0
1565838958600,-11.14,0.136,575.665,-4.00E-04,1,-4.00E-04,2.00E-04,67.02,-2.40E-04,0.10713357,0,TRUE,0,0,0,0
1565838958713,-11.141,0.136,576.409,-4.00E-04,1,-4.00E-04,3.00E-04,66.92,-2.40E-04,0.10316622,0,TRUE,0,0,0,-3.30E-04
1565838958825,-11.141,0.136,577.152,-4.00E-04,1,-4.00E-04,3.00E-04,66.82,-2.40E-04,0.10316622,0,TRUE,0,0,0,0
1565838958938,-11.142,0.136,577.893,-4.00E-04,1,-4.00E-04,3.00E-04,66.72,-2.40E-04,0.09919888,0,TRUE,0,0,0,-3.32E-04
1565838959055,-11.143,0.136,578.634,-4.00E-04,1,-4.00E-04,4.00E-04,66.62,-2.40E-04,0.10316622,0,TRUE,0,0,0,-3.20E-04
1565838959167,-11.143,0.136,579.374,-4.00E-04,1,-4.00E-04,4.00E-04,66.52,-2.40E-04,0.10316622,0,TRUE,0,0,0,0
1565838959279,-11.144,0.136,580.112,-4.00E-04,1,-4.00E-04,4.00E-04,66.42,-2.40E-04,0.10316622,0,TRUE,0,0,0,-3.36E-04
1565838959389,-11.144,0.136,580.849,-4.00E-04,1,-4.00E-04,4.00E-04,66.32,-2.40E-04,0.10316622,0,TRUE,0,0,0,0
1565838959502,-11.145,0.136,581.586,-4.00E-04,1,-4.00E-04,5.00E-04,66.22,-2.40E-04,0.10316622,0,TRUE,0,0,0,-3.34E-04
1565838959613,-11.146,0.136,582.321,-4.00E-04,1,-4.00E-04,5.00E-04,66.11,-2.40E-04,0.10316622,0,TRUE,0,0,0,-3.74E-04
1565838959724,-11.147,0.136,583.055,-4.00E-04,1,-4.00E-04,5.00E-04,66.01,-2.40E-04,0.10316622,0,TRUE,0,0,0,-3.41E-04
1565838959845,-11.148,0.136,583.787,-4.00E-04,1,-4.00E-04,6.00E-04,65.91,-2.40E-04,0.10316622,0,TRUE,0,0,0,-3.13E-04
1565838959965,-11.149,0.136,584.519,-4.00E-04,1,-4.00E-04,6.00E-04,65.81,-1.90E-04,0.09919888,0,TRUE,0,0,0,-3.16E-04
1565838960129,-11.15,0.136,585.25,-4.00E-04,1,-4.00E-04,6.00E-04,65.71,5.40E-04,0.09919888,0,TRUE,0,0,0,-2.32E-04
1565838960251,-11.15,0.136,585.979,-4.00E-04,1,-4.00E-04,6.00E-04,65.61,6.10E-04,0.09919888,0,TRUE,0,0,0,0
1565838960364,-11.151,0.136,586.708,-5.00E-04,1,-4.00E-04,5.00E-04,65.51,6.10E-04,0.09919891,0,TRUE,0,0,0,-3.37E-04
1565838960478,-11.152,0.136,587.435,-5.00E-04,1,-4.00E-04,4.00E-04,65.41,6.10E-04,0.09919888,0,TRUE,0,0,0,-3.35E-04
1565838960598,-11.152,0.136,588.161,-5.00E-04,1,-4.00E-04,3.00E-04,65.31,6.10E-04,0.10713357,0,TRUE,0,0,0,0
1565838960718,-11.152,0.136,588.886,-5.00E-04,1,-4.00E-04,3.00E-04,65.21,6.10E-04,0.11905086,0,TRUE,0,0,0,0
1565838960850,-11.153,0.136,589.61,-5.00E-04,1,-4.00E-04,2.00E-04,65.11,6.10E-04,0.16665906,0,TRUE,0,0,0,-2.90E-04
1565838960982,-11.153,0.136,590.333,-5.00E-04,1,-4.00E-04,1.00E-04,65,6.10E-04,0.22221714,0,TRUE,0,0,0,0
1565838961116,-11.152,0.136,591.054,-5.00E-04,1,-5.00E-04,0,64.95,6.10E-04,0.25397116,0,TRUE,0,0,0,-1.44E-04
1565838961240,-11.152,0.136,591.776,-5.00E-04,1,-5.00E-04,-1.00E-04,64.91,6.10E-04,0.28570992,0,TRUE,0,0,0,0
1565838961361,-11.152,0.136,592.497,-5.00E-04,1,-5.00E-04,-2.00E-04,64.89,6.10E-04,0.3015793,0,TRUE,0,0,0,0
1565838961474,-11.151,0.136,593.218,-5.00E-04,1,-5.00E-04,-3.00E-04,64.88,6.10E-04,0.30554664,0,TRUE,0,0,0,-3.41E-05
1565838961586,-11.151,0.136,593.939,-5.00E-04,1,-5.00E-04,-3.00E-04,64.88,6.10E-04,0.30554664,0,TRUE,0,0,0,0
1565838961700,-11.15,0.136,594.66,-5.00E-04,1,-5.00E-04,-4.00E-04,64.87,6.10E-04,0.30554664,0,TRUE,0,0,0,-3.38E-05
1565838961813,-11.149,0.136,595.381,-5.00E-04,1,-5.00E-04,-5.00E-04,64.86,6.10E-04,0.30554664,0,TRUE,0,0,0,-3.41E-05
1565838961926,-11.148,0.136,596.101,-5.00E-04,1,-5.00E-04,-6.00E-04,64.86,6.10E-04,0.29761195,0,TRUE,0,0,0,0
1565838962070,-11.147,0.136,596.822,-5.00E-04,1,-5.00E-04,-7.00E-04,64.85,4.00E-04,0.29761195,0,TRUE,0,0,0,-2.67E-05
1565838962206,-11.146,0.136,597.542,-4.00E-04,1,-5.00E-04,-8.00E-04,64.84,2.50E-04,0.29761195,0,TRUE,0,0,0,-2.84E-05
1565838962322,-11.145,0.136,598.263,-4.00E-04,1,-5.00E-04,-8.00E-04,64.83,2.50E-04,0.29761195,0,TRUE,0,0,0,-3.32E-05
1565838962434,-11.144,0.136,598.983,-4.00E-04,1,-5.00E-04,-8.00E-04,64.82,2.50E-04,0.29761195,0,TRUE,0,0,0,-3.45E-05
1565838962546,-11.143,0.136,599.703,-4.00E-04,1,-5.00E-04,-9.00E-04,64.81,2.50E-04,0.3015793,0,TRUE,0,0,0,-3.45E-05
1565838962660,-11.141,0.136,600.424,-4.00E-04,1,-5.00E-04,-9.00E-04,64.8,2.50E-04,0.3015793,0,TRUE,0,0,0,-6.75E-05
1565838962773,-11.14,0.136,601.144,-4.00E-04,1,-5.00E-04,-9.00E-04,64.8,2.50E-04,0.3015793,0,TRUE,0,0,0,0
1565838962884,-11.138,0.136,601.864,-4.00E-04,1,-5.00E-04,-0.001,64.79,2.50E-04,0.3015793,0,TRUE,0,0,0,-6.96E-05
1565838963001,-11.137,0.136,602.584,-4.00E-04,1,-5.00E-04,-0.001,64.78,2.50E-04,0.3015793,0,TRUE,0,0,0,-3.30E-05
1565838963124,-11.135,0.136,603.303,-4.00E-04,1,-5.00E-04,-0.001,64.77,2.50E-04,0.28174257,0,TRUE,0,0,0,-6.28E-05
1565838963262,-11.134,0.136,604.023,-4.00E-04,1,-5.00E-04,-0.0011,64.76,8.00E-05,0.27777523,0,TRUE,0,0,0,-2.80E-05
1565838963432,-11.132,0.136,604.742,-4.00E-04,1,-5.00E-04,-0.0011,64.74,-3.80E-04,0.2658732,0,TRUE,0,0,0,-9.09E-05
1565838963546,-11.131,0.136,605.462,-4.00E-04,1,-5.00E-04,-0.0011,64.72,-3.80E-04,0.26190585,0,TRUE,0,0,0,-6.77E-05
1565838963663,-11.129,0.136,606.181,-4.00E-04,1,-5.00E-04,-0.001,64.69,-3.80E-04,0.2658732,0,TRUE,0,0,0,-1.98E-04
1565838963779,-11.128,0.136,606.899,-4.00E-04,1,-5.00E-04,-0.001,64.66,-3.80E-04,0.2658732,0,TRUE,0,0,0,-1.00E-04
1565838963895,-11.126,0.136,607.618,-4.00E-04,1,-5.00E-04,-9.00E-04,64.64,-3.80E-04,0.25397116,0,TRUE,0,0,0,-1.33E-04
1565838964024,-11.125,0.136,608.336,-4.00E-04,1,-5.00E-04,-9.00E-04,64.61,-3.80E-04,0.23015183,0,TRUE,0,0,0,-9.00E-05
1565838964149,-11.124,0.136,609.053,-4.00E-04,1,-5.00E-04,-8.00E-04,64.57,-3.80E-04,0.21031511,0,TRUE,0,0,0,-1.24E-04
1565838964269,-11.123,0.136,609.77,-4.00E-04,1,-5.00E-04,-8.00E-04,64.48,-3.80E-04,0.19047838,0,TRUE,0,0,0,-2.90E-04
1565838964384,-11.122,0.136,610.486,-4.00E-04,1,-5.00E-04,-7.00E-04,64.38,-3.70E-04,0.19047835,0,TRUE,0,0,0,-3.38E-04
1565838964549,-11.121,0.136,611.201,-4.00E-04,1,-4.00E-04,-7.00E-04,64.28,1.00E-05,0.19047838,0,TRUE,0,0,0,-2.35E-04
1565838964714,-11.12,0.136,611.914,-4.00E-04,1,-4.00E-04,-7.00E-04,64.18,3.90E-04,0.19047838,0,TRUE,0,0,0,-2.36E-04
1565838964825,-11.119,0.136,612.627,-4.00E-04,1,-4.00E-04,-7.00E-04,64.08,3.90E-04,0.19841307,0,TRUE,0,0,0,-3.51E-04
1565838964939,-11.118,0.136,613.338,-4.00E-04,1,-4.00E-04,-8.00E-04,63.98,3.90E-04,0.20238042,0,TRUE,0,0,0,-3.43E-04
1565838965055,-11.117,0.136,614.048,-4.00E-04,1,-4.00E-04,-8.00E-04,63.88,3.90E-04,0.20238042,0,TRUE,0,0,0,-3.37E-04
1565838965169,-11.115,0.136,614.758,-4.00E-04,1,-4.00E-04,-9.00E-04,63.78,3.90E-04,0.20634776,0,TRUE,0,0,0,-6.86E-04
1565838965283,-11.114,0.136,615.466,-4.00E-04,1,-4.00E-04,-9.00E-04,63.68,3.60E-04,0.20634776,0,TRUE,0,0,0,-3.44E-04
1565838965400,-11.113,0.136,616.172,-4.00E-04,1,-4.00E-04,-0.001,63.58,3.60E-04,0.20634776,0,TRUE,0,0,0,-3.36E-04
1565838965514,-11.111,0.136,616.878,-4.00E-04,1,-4.00E-04,-0.001,63.48,3.60E-04,0.20634776,0,TRUE,0,0,0,-6.90E-04
1565838965625,-11.11,0.136,617.583,-4.00E-04,1,-4.00E-04,-0.0011,63.37,3.60E-04,0.20634776,0,TRUE,0,0,0,-3.91E-04
1565838965745,-11.108,0.136,618.286,-4.00E-04,1,-4.00E-04,-0.0011,63.27,3.60E-04,0.19841307,0,TRUE,0,0,0,-6.58E-04
1565838965856,-11.106,0.136,618.989,-4.00E-04,1,-4.00E-04,-0.0012,63.17,3.60E-04,0.19841307,0,TRUE,0,0,0,-7.12E-04
1565838965979,-11.104,0.136,619.69,-4.00E-04,1,-4.00E-04,-0.0012,63.07,3.60E-04,0.1825437,0,TRUE,0,0,0,-6.44E-04
1565838966102,-11.103,0.136,620.39,-4.00E-04,1,-4.00E-04,-0.0013,62.97,3.90E-04,0.16269171,0,TRUE,0,0,0,-3.23E-04
1565838966219,-11.101,0.136,621.089,-4.00E-04,1,-4.00E-04,-0.0013,62.87,3.90E-04,0.15872437,0,TRUE,0,0,0,-6.79E-04
1565838966336,-11.099,0.136,621.787,-4.00E-04,1,-4.00E-04,-0.0014,62.77,3.90E-04,0.16269171,0,TRUE,0,0,0,-6.80E-04
1565838966461,-11.097,0.136,622.484,-4.00E-04,1,-4.00E-04,-0.0015,62.67,3.90E-04,0.19047838,0,TRUE,0,0,0,-6.38E-04
1565838966575,-11.094,0.136,623.18,-4.00E-04,1,-4.00E-04,-0.0015,62.57,3.90E-04,0.19047838,0,TRUE,0,0,0,-0.001050368
1565838966700,-11.092,0.136,623.874,-4.00E-04,1,-4.00E-04,-0.0016,62.47,3.90E-04,0.21031511,0,TRUE,0,0,0,-6.40E-04
1565838966835,-11.09,0.136,624.568,-4.00E-04,1,-5.00E-04,-0.0016,62.41,3.90E-04,0.25397116,0,TRUE,0,0,0,-3.56E-04
1565838966954,-11.087,0.136,625.261,-4.00E-04,1,-5.00E-04,-0.0017,62.37,3.90E-04,0.27380788,0,TRUE,0,0,0,-4.04E-04
1565838967075,-11.085,0.136,625.954,-4.00E-04,1,-5.00E-04,-0.0017,62.36,3.90E-04,0.28967726,0,TRUE,0,0,0,-6.62E-05
1565838967198,-11.083,0.136,626.647,-4.00E-04,1,-5.00E-04,-0.0018,62.36,3.60E-04,0.30554664,0,TRUE,0,0,0,0
1565838967353,-11.08,0.136,627.34,-4.00E-04,1,-5.00E-04,-0.0018,62.36,1.30E-04,0.309514,0,TRUE,0,0,0,0
1565838967519,-11.077,0.136,628.033,-4.00E-04,1,-5.00E-04,-0.0019,62.37,4.70E-04,0.309514,0,TRUE,0,0,0,7.24E-05
1565838967685,-11.075,0.136,628.726,-4.00E-04,1,-5.00E-04,-0.0019,62.38,0.00184,0.24602121,0,TRUE,0,0,0,4.83E-05
1565838967854,-11.072,0.136,629.419,-5.00E-04,1,-5.00E-04,-0.002,62.36,0.00146,0.21428245,0,TRUE,0,0,0,-1.42E-04
1565838968017,-11.068,0.136,630.111,-5.00E-04,1,-5.00E-04,-0.0023,62.32,5.60E-04,0.17459375,0,TRUE,0,0,0,-3.94E-04
1565838968187,-11.065,0.136,630.803,-5.00E-04,1,-5.00E-04,-0.0024,62.23,0.0015,0.10316622,0,TRUE,0,0,0,-6.38E-04
1565838968353,-11.061,0.136,631.494,-5.00E-04,1,-5.00E-04,-0.0025,62.13,0.00221,0,0,TRUE,0,0,0,-9.69E-04
1565838968530,-11.057,0.136,632.184,-5.00E-04,1,-4.00E-04,-0.0028,62.03,0.00114,0,0,TRUE,0,0,0,-9.10E-04
1565838968695,-11.053,0.136,632.872,-5.00E-04,1,-4.00E-04,-0.003,61.93,2.10E-04,0,0,TRUE,0,0,0,-9.79E-04
1565838968831,-11.048,0.136,633.56,-4.00E-04,1,-4.00E-04,-0.0031,61.83,1.70E-04,0.087296814,0,TRUE,0,0,0,-0.001484361
1565838968952,-11.044,0.136,634.246,-4.00E-04,1,-4.00E-04,-0.0031,61.73,1.70E-04,0.10713357,0,TRUE,0,0,0,-0.001338872
1565838969090,-11.04,0.136,634.931,-4.00E-04,1,-4.00E-04,-0.0032,61.62,1.70E-04,0.15872437,0,TRUE,0,0,0,-0.001292727
1565838969227,-11.035,0.136,635.615,-4.00E-04,1,-4.00E-04,-0.0032,61.52,1.70E-04,0.20634776,0,TRUE,0,0,0,-0.001482204
1565838969349,-11.031,0.136,636.298,-4.00E-04,1,-4.00E-04,-0.0032,61.42,1.70E-04,0.23015183,0,TRUE,0,0,0,-0.001333394
1565838969461,-11.027,0.136,636.98,-4.00E-04,1,-5.00E-04,-0.0032,61.37,1.70E-04,0.23411918,0,TRUE,0,0,0,-7.27E-04
1565838969577,-11.022,0.136,637.662,-4.00E-04,1,-5.00E-04,-0.0033,61.33,1.70E-04,0.23411918,0,TRUE,0,0,0,-7.02E-04
1565838969748,-11.018,0.136,638.343,-4.00E-04,1,-5.00E-04,-0.0033,61.3,-2.50E-04,0.24602121,0,TRUE,0,0,0,-2.86E-04
1565838969914,-11.013,0.136,639.024,-4.00E-04,1,-5.00E-04,-0.0033,61.27,-6.90E-04,0.24602121,0,TRUE,0,0,0,-3.69E-04
1565838970025,-11.009,0.136,639.705,-4.00E-04,1,-5.00E-04,-0.0032,61.24,-6.90E-04,0.24602121,0,TRUE,0,0,0,-4.41E-04
1565838970138,-11.005,0.136,640.385,-4.00E-04,1,-5.00E-04,-0.0032,61.22,-6.90E-04,0.24602121,0,TRUE,0,0,0,-2.89E-04
1565838970251,-11,0.136,641.065,-4.00E-04,1,-5.00E-04,-0.0031,61.19,-6.90E-04,0.24205387,0,TRUE,0,0,0,-5.42E-04
1565838970371,-10.997,0.136,641.745,-4.00E-04,1,-5.00E-04,-0.003,61.16,-6.90E-04,0.22618449,0,TRUE,0,0,0,-3.06E-04
1565838970503,-10.993,0.136,642.424,-4.00E-04,1,-5.00E-04,-0.0029,61.12,-6.90E-04,0.19047838,0,TRUE,0,0,0,-4.96E-04
1565838970626,-10.989,0.136,643.103,-4.00E-04,1,-5.00E-04,-0.0028,61.04,-6.90E-04,0.16665906,0,TRUE,0,0,0,-0.001064174
1565838970794,-10.985,0.136,643.78,-4.00E-04,1,-5.00E-04,-0.0027,60.94,-0.00134,0.16665906,0,TRUE,0,0,0,-9.77E-04
1565838970957,-10.982,0.136,644.457,-4.00E-04,1,-4.00E-04,-0.0026,60.83,-0.00183,0.15872437,0,TRUE,0,0,0,-8.31E-04
1565838971122,-10.979,0.136,645.132,-4.00E-04,1,-4.00E-04,-0.0024,60.73,-7.00E-05,0.15872437,0,TRUE,0,0,0,-7.48E-04
1565838971295,-10.976,0.136,645.806,-4.00E-04,1,-4.00E-04,-0.0023,60.63,-6.00E-04,0.15872437,0,TRUE,0,0,0,-7.15E-04
1565838971461,-10.973,0.136,646.479,-4.00E-04,1,-4.00E-04,-0.0022,60.53,-0.00197,0.15872437,0,TRUE,0,0,0,-7.46E-04
1565838971589,-10.97,0.136,647.151,-4.00E-04,1,-4.00E-04,-0.0021,60.43,-0.00197,0.18651104,0,TRUE,0,0,0,-9.69E-04
1565838971719,-10.968,0.136,647.822,-4.00E-04,1,-4.00E-04,-0.0019,60.33,-0.00197,0.23015183,0,TRUE,0,0,0,-6.37E-04
1565838971848,-10.966,0.136,648.492,-4.00E-04,1,-5.00E-04,-0.0016,60.28,-0.00197,0.25397116,0,TRUE,0,0,0,-3.22E-04
1565838971969,-10.965,0.136,649.162,-4.00E-04,1,-5.00E-04,-0.0014,60.25,-0.00197,0.27380788,0,TRUE,0,0,0,-1.03E-04
1565838972089,-10.964,0.136,649.831,-4.00E-04,1,-5.00E-04,-0.0011,60.24,-0.00197,0.2936446,0,TRUE,0,0,0,-3.46E-05
1565838972233,-10.963,0.136,650.501,-4.00E-04,1,-5.00E-04,-9.00E-04,60.24,-0.00218,0.28570992,0,TRUE,0,0,0,0
1565838972398,-10.962,0.136,651.17,-4.00E-04,1,-5.00E-04,-6.00E-04,60.23,-0.00275,0.25397116,0,TRUE,0,0,0,-2.52E-05
1565838972536,-10.962,0.136,651.839,-3.00E-04,1,-5.00E-04,-3.00E-04,60.22,-0.00275,0.20238042,0,TRUE,0,0,0,0
1565838972654,-10.963,0.136,652.508,-3.00E-04,1,-5.00E-04,1.00E-04,60.14,-0.00272,0.19047838,0,TRUE,0,0,0,-2.82E-04
1565838972772,-10.963,0.136,653.175,-3.00E-04,1,-5.00E-04,4.00E-04,60.03,-0.00272,0.18651104,0,TRUE,0,0,0,0
1565838972923,-10.965,0.136,653.842,-3.00E-04,1,-4.00E-04,7.00E-04,59.93,-0.00272,0.24205387,0,TRUE,0,0,0,-5.52E-04
1565838973090,-10.967,0.136,654.507,-3.00E-04,1,-5.00E-04,0.0011,59.89,-0.00218,0.24205387,0,TRUE,0,0,0,-2.00E-04
1565838973260,-10.969,0.136,655.173,-3.00E-04,1,-5.00E-04,0.0014,59.86,-0.00117,0.2658732,0,TRUE,0,0,0,-1.47E-04
1565838973380,-10.971,0.136,655.838,-4.00E-04,1,-5.00E-04,0.0016,59.84,-0.00113,0.26984054,0,TRUE,0,0,0,-1.39E-04
1565838973504,-10.974,0.136,656.502,-4.00E-04,1,-5.00E-04,0.0018,59.82,-0.00109,0.26190585,0,TRUE,0,0,0,-2.02E-04
1565838973671,-10.976,0.136,657.167,-4.00E-04,1,-5.00E-04,0.0019,59.81,2.10E-04,0.21031511,0,TRUE,0,0,0,-5.00E-05
1565838973843,-10.979,0.136,657.831,-4.00E-04,1,-5.00E-04,0.002,59.77,0.00132,0.15078968,0,TRUE,0,0,0,-2.92E-04
1565838973972,-10.981,0.136,658.495,-5.00E-04,1,-5.00E-04,0.0019,59.68,0.00132,0.115083516,0,TRUE,0,0,0,-5.84E-04
1565838974097,-10.984,0.136,659.157,-5.00E-04,1,-5.00E-04,0.0017,59.58,0.00132,0.09126419,0,TRUE,0,0,0,-0.00100713
1565838974219,-10.985,0.136,659.819,-5.00E-04,1,-4.00E-04,0.0015,59.48,0.00132,0.079362154,0,TRUE,0,0,0,-3.44E-04
1565838974332,-10.987,0.136,660.479,-5.00E-04,1,-4.00E-04,0.0014,59.38,0.00132,0.079362154,0,TRUE,0,0,0,-7.45E-04
1565838974443,-10.988,0.136,661.138,-5.00E-04,1,-4.00E-04,0.0012,59.28,0.00132,0.079362154,0,TRUE,0,0,0,-3.80E-04
1565838974555,-10.99,0.136,661.796,-5.00E-04,1,-4.00E-04,0.001,59.18,0.00132,0.079362154,0,TRUE,0,0,0,-7.54E-04
1565838974672,-10.991,0.136,662.453,-5.00E-04,1,-4.00E-04,9.00E-04,59.08,0.00132,0.079362124,0,TRUE,0,0,0,-3.62E-04
1565838974796,-10.991,0.136,663.109,-5.00E-04,1,-4.00E-04,7.00E-04,58.97,0.00141,0.079362154,0,TRUE,0,0,0,0
1565838974962,-10.992,0.136,663.763,-5.00E-04,1,-4.00E-04,5.00E-04,58.87,0.00229,0.079362154,0,TRUE,0,0,0,-2.56E-04
1565838975078,-10.992,0.136,664.417,-5.00E-04,1,-4.00E-04,3.00E-04,58.77,0.0023,0.079362184,0,TRUE,0,0,0,0
1565838975229,-10.992,0.136,665.069,-5.00E-04,1,-4.00E-04,0,58.67,0.00207,0.08729684,0,TRUE,0,0,0,0
1565838975390,-10.991,0.136,665.72,-5.00E-04,1,-4.00E-04,-3.00E-04,58.57,0.00175,0.087296814,0,TRUE,0,0,0,-2.65E-04
1565838975502,-10.99,0.136,666.371,-5.00E-04,1,-4.00E-04,-5.00E-04,58.47,0.00175,0.08729684,0,TRUE,0,0,0,-3.81E-04
1565838975620,-10.989,0.136,667.02,-5.00E-04,1,-4.00E-04,-7.00E-04,58.37,0.00175,0.09523153,0,TRUE,0,0,0,-3.63E-04
1565838975730,-10.988,0.136,667.668,-5.00E-04,1,-4.00E-04,-9.00E-04,58.27,0.00175,0.09523153,0,TRUE,0,0,0,-3.90E-04
1565838975890,-10.986,0.136,668.314,-5.00E-04,1,-4.00E-04,-0.0012,58.17,0.00133,0.0952315,0,TRUE,0,0,0,-5.37E-04
1565838976058,-10.984,0.136,668.96,-5.00E-04,1,-4.00E-04,-0.0014,58.07,-2.50E-04,0.10316619,0,TRUE,0,0,0,-5.12E-04
1565838976224,-10.982,0.136,669.605,-4.00E-04,1,-4.00E-04,-0.0014,57.97,-0.00147,0.12698561,0,TRUE,0,0,0,-5.19E-04
1565838976395,-10.98,0.136,670.248,-4.00E-04,1,-4.00E-04,-0.0013,57.87,-0.00255,0.16269171,0,TRUE,0,0,0,-5.05E-04
1565838976559,-10.979,0.136,670.89,-3.00E-04,1,-4.00E-04,-0.0011,57.76,-0.00302,0.2182498,0,TRUE,0,0,0,-2.90E-04
1565838976688,-10.979,0.136,671.532,-3.00E-04,1,-5.00E-04,-8.00E-04,57.71,-0.00303,0.24602121,0,TRUE,0,0,0,0
1565838976820,-10.978,0.136,672.173,-3.00E-04,1,-5.00E-04,-4.00E-04,57.68,-0.00303,0.28570992,0,TRUE,0,0,0,-9.85E-05
1565838976952,-10.979,0.136,672.814,-3.00E-04,1,-5.00E-04,-1.00E-04,57.67,-0.00303,0.31348133,0,TRUE,0,0,0,-3.28E-05
1565838977075,-10.98,0.136,673.454,-3.00E-04,1,-5.00E-04,3.00E-04,57.68,-0.00303,0.341268,0,TRUE,0,0,0,3.53E-05
1565838977201,-10.981,0.136,674.095,-3.00E-04,1,-5.00E-04,7.00E-04,57.7,-0.00303,0.309514,0,TRUE,0,0,0,6.88E-05
1565838977349,-10.983,0.136,674.737,-3.00E-04,1,-5.00E-04,0.001,57.72,-0.00303,0.22221714,0,TRUE,0,0,0,1.17E-04
1565838977523,-10.985,0.136,675.378,-3.00E-04,1,-5.00E-04,0.0014,57.69,-0.00302,0.07539484,0,TRUE,0,0,0,-1.49E-04
1565838977662,-10.987,0.136,676.019,-3.00E-04,1,-5.00E-04,0.0018,57.61,-0.00302,0,0,TRUE,0,0,0,-4.99E-04
1565838977790,-10.991,0.136,676.658,-3.00E-04,1,-5.00E-04,0.0021,57.5,-0.00289,0,0,TRUE,0,0,0,-0.001494087
1565838977954,-10.994,0.136,677.296,-3.00E-04,1,-4.00E-04,0.0025,57.4,-0.00218,0,0,TRUE,0,0,0,-7.96E-04
1565838978098,-10.998,0.136,677.933,-4.00E-04,1,-4.00E-04,0.0028,57.3,-0.00192,0,0,TRUE,0,0,0,-0.001211298
1565838978209,-11.002,0.136,678.57,-4.00E-04,1,-4.00E-04,0.003,57.2,-0.00192,0,0,TRUE,0,0,0,-0.001571202
1565838978322,-11.007,0.136,679.204,-4.00E-04,1,-4.00E-04,0.0033,57.1,-0.00192,0,0,TRUE,0,0,0,-0.001938765
1565838978455,-11.011,0.136,679.838,-4.00E-04,1,-4.00E-04,0.0035,57,-0.00179,0,0,TRUE,0,0,0,-0.001317489
1565838978623,-11.016,0.136,680.471,-4.00E-04,1,-4.00E-04,0.0037,56.9,1.80E-04,0,0,TRUE,0,0,0,-0.001306012
1565838978790,-11.021,0.136,681.102,-4.00E-04,1,-4.00E-04,0.0038,56.8,0.00163,0,0,TRUE,0,0,0,-0.001318077
1565838978903,-11.026,0.136,681.733,-5.00E-04,1,-4.00E-04,0.0037,56.7,0.00163,0,0,TRUE,0,0,0,-0.00194788
1565838979038,-11.03,0.136,682.362,-5.00E-04,1,-4.00E-04,0.0035,56.6,0.00146,0,0,TRUE,0,0,0,-0.001308348
1565838979195,-11.034,0.136,682.99,-5.00E-04,1,-4.00E-04,0.0034,56.5,0.00119,0,0,TRUE,0,0,0,-0.001127097
1565838979315,-11.038,0.136,683.618,-5.00E-04,1,-4.00E-04,0.0032,56.4,0.00119,0,0,TRUE,0,0,0,-0.001474267
1565838979429,-11.042,0.136,684.244,-5.00E-04,1,-4.00E-04,0.003,56.29,0.00119,0,0,TRUE,0,0,0,-0.001712407
1565838979541,-11.045,0.136,684.868,-5.00E-04,1,-4.00E-04,0.0029,56.19,0.00119,0,0,TRUE,0,0,0,-0.001192572
1565838979659,-11.048,0.136,685.492,-5.00E-04,1,-4.00E-04,0.0028,56.09,0.00119,0,0,TRUE,0,0,0,-0.001131779
1565838979776,-11.051,0.136,686.115,-5.00E-04,1,-4.00E-04,0.0026,55.99,0.00119,0,0,TRUE,0,0,0,-0.00114299
1565838979940,-11.054,0.136,686.736,-5.00E-04,1,-4.00E-04,0.0025,55.89,0.00182,0,0,TRUE,0,0,0,-8.18E-04
1565838980102,-11.057,0.136,687.356,-5.00E-04,1,-4.00E-04,0.0023,55.79,0.0035,0,0,TRUE,0,0,0,-8.30E-04
1565838980215,-11.059,0.136,687.976,-5.00E-04,1,-4.00E-04,0.002,55.69,0.0035,0,0,TRUE,0,0,0,-7.93E-04
1565838980338,-11.061,0.136,688.594,-5.00E-04,1,-4.00E-04,0.0016,55.59,0.00348,0,0,TRUE,0,0,0,-7.31E-04
1565838980502,-11.062,0.136,689.211,-5.00E-04,1,-4.00E-04,0.0012,55.49,0.0029,0,0,TRUE,0,0,0,-2.75E-04
1565838980663,-11.062,0.136,689.827,-5.00E-04,1,-4.00E-04,8.00E-04,55.39,0.00221,0,0,TRUE,0,0,0,0
1565838980790,-11.062,0.136,690.442,-5.00E-04,1,-4.00E-04,5.00E-04,55.29,0.00234,0,0,TRUE,0,0,0,0
1565838980959,-11.062,0.136,691.055,-5.00E-04,1,-4.00E-04,2.00E-04,55.19,0.00311,0,0,TRUE,0,0,0,0
1565838981123,-11.062,0.136,691.668,-5.00E-04,1,-4.00E-04,-1.00E-04,55.09,0.00353,0,0,TRUE,0,0,0,0
1565838981235,-11.061,0.136,692.279,-5.00E-04,1,-4.00E-04,-5.00E-04,54.98,0.00353,0,0,TRUE,0,0,0,-4.47E-04
1565838981347,-11.059,0.136,692.889,-5.00E-04,1,-4.00E-04,-9.00E-04,54.88,0.00353,0,0,TRUE,0,0,0,-8.13E-04
1565838981458,-11.057,0.136,693.499,-5.00E-04,1,-4.00E-04,-0.0013,54.78,0.00353,0,0,TRUE,0,0,0,-8.20E-04
1565838981603,-11.055,0.136,694.107,-5.00E-04,1,-4.00E-04,-0.0017,54.68,0.00336,0,0,TRUE,0,0,0,-6.30E-04
1565838981770,-11.052,0.136,694.714,-5.00E-04,1,-4.00E-04,-0.0021,54.58,0.00255,0,0,TRUE,0,0,0,-8.22E-04
1565838981930,-11.048,0.136,695.319,-5.00E-04,1,-4.00E-04,-0.0025,54.48,0.00217,0,0,TRUE,0,0,0,-0.001147797
1565838982098,-11.044,0.136,695.924,-5.00E-04,1,-4.00E-04,-0.0027,54.38,0.00142,0,0,TRUE,0,0,0,-0.001093249
1565838982267,-11.041,0.136,696.528,-5.00E-04,1,-4.00E-04,-0.003,54.28,0.00129,0.12698561,0,TRUE,0,0,0,-8.16E-04
1565838982430,-11.037,0.136,697.13,-5.00E-04,1,-4.00E-04,-0.0031,54.18,0.00129,0.25397116,0,TRUE,0,0,0,-0.001132496
1565838982565,-11.033,0.136,697.732,-5.00E-04,1,-5.00E-04,-0.0033,54.14,0.00129,0.29761195,0,TRUE,0,0,0,-5.47E-04
1565838982736,-11.028,0.136,698.333,-5.00E-04,1,-5.00E-04,-0.0034,54.13,7.50E-04,0.30554664,0,TRUE,0,0,0,-1.35E-04
1565838982896,-11.024,0.136,698.935,-5.00E-04,1,-5.00E-04,-0.0035,54.14,4.00E-04,0.309514,0,TRUE,0,0,0,1.15E-04
1565838983009,-11.019,0.136,699.536,-4.00E-04,1,-5.00E-04,-0.0036,54.15,4.00E-04,0.309514,0,TRUE,0,0,0,2.05E-04
1565838983141,-11.015,0.136,700.138,-4.00E-04,1,-5.00E-04,-0.0037,54.16,3.50E-04,0.31348133,0,TRUE,0,0,0,1.40E-04
1565838983305,-11.01,0.136,700.74,-4.00E-04,1,-5.00E-04,-0.0037,54.17,-1.50E-04,0.31744868,0,TRUE,0,0,0,1.41E-04
1565838983469,-11.006,0.136,701.342,-4.00E-04,1,-5.00E-04,-0.0037,54.18,-9.00E-04,0.31744868,0,TRUE,0,0,0,1.13E-04
1565838983588,-11.002,0.136,701.944,-4.00E-04,1,-5.00E-04,-0.0037,54.2,-9.00E-04,0.32539862,0,TRUE,0,0,0,3.10E-04
1565838983714,-10.997,0.136,702.547,-4.00E-04,1,-5.00E-04,-0.0036,54.22,-9.60E-04,0.32539862,0,TRUE,0,0,0,3.66E-04
1565838983889,-10.993,0.136,703.149,-4.00E-04,1,-5.00E-04,-0.0035,54.24,-0.00165,0.32539862,0,TRUE,0,0,0,2.11E-04
1565838984050,-10.99,0.136,703.752,-4.00E-04,1,-5.00E-04,-0.0033,54.25,-0.00193,0.3333333,0,TRUE,0,0,0,8.58E-05
1565838984164,-10.986,0.136,704.355,-4.00E-04,1,-5.00E-04,-0.0031,54.28,-0.00193,0.3333333,0,TRUE,0,0,0,4.85E-04
1565838984277,-10.983,0.136,704.958,-4.00E-04,1,-5.00E-04,-0.0029,54.3,-0.00193,0.3333333,0,TRUE,0,0,0,2.45E-04
1565838984389,-10.98,0.136,705.562,-4.00E-04,1,-5.00E-04,-0.0027,54.32,-0.00193,0.3333333,0,TRUE,0,0,0,2.46E-04
1565838984505,-10.977,0.136,706.166,-4.00E-04,1,-5.00E-04,-0.0025,54.35,-0.00193,0.3333333,0,TRUE,0,0,0,3.57E-04
1565838984621,-10.975,0.136,706.77,-4.00E-04,1,-5.00E-04,-0.0022,54.37,-0.00193,0.3333333,0,TRUE,0,0,0,1.59E-04
1565838984736,-10.973,0.136,707.374,-4.00E-04,1,-5.00E-04,-0.002,54.39,-0.00193,0.3333333,0,TRUE,0,0,0,1.60E-04
1565838984870,-10.971,0.136,707.979,-4.00E-04,1,-5.00E-04,-0.0018,54.42,-0.00192,0.309514,0,TRUE,0,0,0,2.06E-04
1565838985036,-10.969,0.136,708.583,-4.00E-04,1,-5.00E-04,-0.0016,54.43,-0.00173,0.11905086,0,TRUE,0,0,0,5.54E-05
1565838985210,-10.968,0.136,709.188,-4.00E-04,1,-5.00E-04,-0.0014,54.36,-2.40E-04,0.11905083,0,TRUE,0,0,0,-1.85E-04
1565838985381,-10.966,0.136,709.791,-4.00E-04,1,-5.00E-04,-0.0012,54.26,5.80E-04,0.11905086,0,TRUE,0,0,0,-5.39E-04
1565838985498,-10.965,0.136,710.393,-5.00E-04,1,-4.00E-04,-0.0012,54.16,6.20E-04,0.11905086,0,TRUE,0,0,0,-3.94E-04
1565838985662,-10.963,0.136,710.994,-5.00E-04,1,-4.00E-04,-0.0013,54.05,6.20E-04,0.123018205,0,TRUE,0,0,0,-6.20E-04
1565838985835,-10.961,0.136,711.594,-5.00E-04,1,-4.00E-04,-0.0014,53.95,6.20E-04,0.25397116,0,TRUE,0,0,0,-5.35E-04
1565838985960,-10.96,0.136,712.194,-4.00E-04,1,-5.00E-04,-0.0015,53.91,6.20E-04,0.28570992,0,TRUE,0,0,0,-1.48E-04
1565838986079,-10.958,0.136,712.793,-4.00E-04,1,-5.00E-04,-0.0015,53.9,6.20E-04,0.2658732,0,TRUE,0,0,0,-7.79E-05
1565838986194,-10.956,0.136,713.392,-4.00E-04,1,-5.00E-04,-0.0016,53.89,6.20E-04,0.25397116,0,TRUE,0,0,0,-8.07E-05
1565838986322,-10.954,0.136,713.99,-4.00E-04,1,-5.00E-04,-0.0017,53.87,6.20E-04,0.23808652,0,TRUE,0,0,0,-1.45E-04
1565838986459,-10.951,0.136,714.589,-4.00E-04,1,-5.00E-04,-0.0017,53.84,6.20E-04,0.17459375,0,TRUE,0,0,0,-3.05E-04
1565838986595,-10.949,0.136,715.186,-4.00E-04,1,-5.00E-04,-0.0018,53.76,6.20E-04,0.11905086,0,TRUE,0,0,0,-5.47E-04
1565838986711,-10.947,0.136,715.783,-4.00E-04,1,-5.00E-04,-0.0019,53.66,6.20E-04,0.123018205,0,TRUE,0,0,0,-8.02E-04
1565838986823,-10.944,0.136,716.379,-4.00E-04,1,-4.00E-04,-0.002,53.56,6.20E-04,0.123018205,0,TRUE,0,0,0,-0.001248061
1565838986944,-10.942,0.136,716.973,-4.00E-04,1,-4.00E-04,-0.002,53.46,6.20E-04,0.11905086,0,TRUE,0,0,0,-7.73E-04
1565838987066,-10.939,0.136,717.567,-4.00E-04,1,-4.00E-04,-0.0021,53.36,6.20E-04,0.10316622,0,TRUE,0,0,0,-0.001150011
1565838987184,-10.937,0.136,718.159,-4.00E-04,1,-4.00E-04,-0.0022,53.26,6.20E-04,0.11111617,0,TRUE,0,0,0,-7.95E-04
1565838987302,-10.934,0.136,718.75,-4.00E-04,1,-4.00E-04,-0.0023,53.16,6.20E-04,0.115083486,0,TRUE,0,0,0,-0.001195012
1565838987415,-10.931,0.136,719.34,-4.00E-04,1,-4.00E-04,-0.0023,53.06,6.20E-04,0.11905086,0,TRUE,0,0,0,-0.001249954
1565838987531,-10.928,0.136,719.929,-4.00E-04,1,-4.00E-04,-0.0024,52.95,6.20E-04,0.11905086,0,TRUE,0,0,0,-0.001341351
1565838987646,-10.925,0.136,720.516,-4.00E-04,1,-4.00E-04,-0.0025,52.85,6.20E-04,0.11111617,0,TRUE,0,0,0,-0.001234648
1565838987762,-10.922,0.136,721.103,-4.00E-04,1,-4.00E-04,-0.0025,52.75,6.20E-04,0.10316622,0,TRUE,0,0,0,-0.00122383
1565838987884,-10.919,0.136,721.689,-4.00E-04,1,-4.00E-04,-0.0026,52.65,6.20E-04,0.09523153,0,TRUE,0,0,0,-0.001165702
1565838988001,-10.916,0.136,722.273,-4.00E-04,1,-4.00E-04,-0.0027,52.55,6.20E-04,0.09523153,0,TRUE,0,0,0,-0.00121937
1565838988115,-10.912,0.136,722.856,-4.00E-04,1,-4.00E-04,-0.0028,52.45,6.20E-04,0.10316622,0,TRUE,0,0,0,-0.001671989
1565838988237,-10.909,0.136,723.438,-4.00E-04,1,-4.00E-04,-0.0028,52.35,6.20E-04,0.10316622,0,TRUE,0,0,0,-0.001173443
1565838988349,-10.906,0.136,724.019,-4.00E-04,1,-4.00E-04,-0.0029,52.25,6.20E-04,0.10316622,0,TRUE,0,0,0,-0.001280721
1565838988465,-10.902,0.136,724.599,-4.00E-04,1,-4.00E-04,-0.003,52.15,6.20E-04,0.10316622,0,TRUE,0,0,0,-0.001651241
1565838988580,-10.898,0.136,725.178,-4.00E-04,1,-4.00E-04,-0.0031,52.05,6.20E-04,0.10316622,0,TRUE,0,0,0,-0.001669045
1565838988695,-10.895,0.136,725.756,-4.00E-04,1,-4.00E-04,-0.0031,51.95,6.20E-04,0.10316622,0,TRUE,0,0,0,-0.001253366
1565838988812,-10.891,0.136,726.332,-4.00E-04,1,-4.00E-04,-0.0032,51.85,6.20E-04,0.10316622,0,TRUE,0,0,0,-0.001649032
1565838988922,-10.887,0.136,726.907,-4.00E-04,1,-4.00E-04,-0.0033,51.74,6.20E-04,0.10316622,0,TRUE,0,0,0,-0.001932083
1565838989078,-10.883,0.136,727.482,-4.00E-04,1,-4.00E-04,-0.0033,51.64,8.80E-04,0.09523153,0,TRUE,0,0,0,-0.001238579
1565838989218,-10.879,0.136,728.055,-5.00E-04,1,-4.00E-04,-0.0034,51.54,0.00106,0.09523153,0,TRUE,0,0,0,-0.00138526
1565838989334,-10.875,0.136,728.627,-5.00E-04,1,-4.00E-04,-0.0035,51.44,0.00106,0.10316622,0,TRUE,0,0,0,-0.001674384
1565838989445,-10.871,0.136,729.198,-5.00E-04,1,-4.00E-04,-0.0036,51.34,0.00106,0.10316619,0,TRUE,0,0,0,-0.001752919
1565838989557,-10.866,0.136,729.768,-5.00E-04,1,-4.00E-04,-0.0038,51.24,0.00106,0.10316622,0,TRUE,0,0,0,-0.002175483
1565838989678,-10.862,0.136,730.336,-5.00E-04,1,-4.00E-04,-0.0039,51.14,0.00106,0.10713357,0,TRUE,0,0,0,-0.001616578
1565838989800,-10.857,0.136,730.904,-5.00E-04,1,-4.00E-04,-0.004,51.04,0.00104,0.115083516,0,TRUE,0,0,0,-0.002004246
1565838989958,-10.852,0.136,731.47,-5.00E-04,1,-4.00E-04,-0.0041,50.94,7.90E-04,0.11905086,0,TRUE,0,0,0,-0.001553149
1565838990102,-10.847,0.136,732.036,-5.00E-04,1,-4.00E-04,-0.0042,50.84,6.30E-04,0.11905086,0,TRUE,0,0,0,-0.001703901
1565838990273,-10.842,0.136,732.6,-4.00E-04,1,-4.00E-04,-0.0043,50.74,-7.00E-05,0.11905086,0,TRUE,0,0,0,-0.001440143
1565838990390,-10.837,0.136,733.163,-4.00E-04,1,-4.00E-04,-0.0043,50.64,-7.00E-05,0.115083516,0,TRUE,0,0,0,-0.002108327
1565838990504,-10.832,0.136,733.725,-4.00E-04,1,-4.00E-04,-0.0043,50.53,-7.00E-05,0.115083516,0,TRUE,0,0,0,-0.002384802
1565838990618,-10.828,0.136,734.286,-4.00E-04,1,-4.00E-04,-0.0043,50.43,-7.00E-05,0.115083516,0,TRUE,0,0,0,-0.001737054
1565838990729,-10.823,0.136,734.845,-4.00E-04,1,-4.00E-04,-0.0043,50.33,-7.00E-05,0.115083516,0,TRUE,0,0,0,-0.002238462
1565838990859,-10.818,0.136,735.404,-4.00E-04,1,-4.00E-04,-0.0043,50.23,-7.00E-05,0.15078971,0,TRUE,0,0,0,-0.001911167
1565838990990,-10.813,0.136,735.962,-4.00E-04,1,-4.00E-04,-0.0043,50.13,-7.00E-05,0.19047838,0,TRUE,0,0,0,-0.001900032
1565838991125,-10.808,0.136,736.518,-4.00E-04,1,-4.00E-04,-0.0043,50.03,-7.00E-05,0.24602121,0,TRUE,0,0,0,-0.001850281
1565838991269,-10.804,0.136,737.073,-4.00E-04,1,-5.00E-04,-0.0043,49.98,-7.00E-05,0.309514,0,TRUE,0,0,0,-6.95E-04
1565838991402,-10.799,0.136,737.629,-4.00E-04,1,-5.00E-04,-0.0043,49.98,-7.00E-05,0.3492027,0,TRUE,0,0,0,0
1565838991526,-10.794,0.136,738.184,-4.00E-04,1,-5.00E-04,-0.0043,50,-7.00E-05,0.36903942,0,TRUE,0,0,0,4.04E-04
1565838991643,-10.789,0.136,738.74,-4.00E-04,1,-5.00E-04,-0.0043,50.04,-7.00E-05,0.3809415,0,TRUE,0,0,0,8.54E-04
1565838991758,-10.784,0.136,739.296,-4.00E-04,1,-5.00E-04,-0.0043,50.08,-7.00E-05,0.3809415,0,TRUE,0,0,0,8.69E-04
1565838991883,-10.78,0.136,739.853,-4.00E-04,1,-5.00E-04,-0.0043,50.12,-7.00E-05,0.4007935,0,TRUE,0,0,0,6.38E-04
1565838992009,-10.775,0.136,740.411,-4.00E-04,1,-5.00E-04,-0.0043,50.17,-7.00E-05,0.41666287,0,TRUE,0,0,0,9.88E-04
1565838992137,-10.77,0.136,740.968,-4.00E-04,1,-5.00E-04,-0.0043,50.24,-7.00E-05,0.4444343,0,TRUE,0,0,0,0.00136341
1565838992257,-10.765,0.136,741.527,-4.00E-04,1,-5.00E-04,-0.0043,50.31,-7.00E-05,0.464271,0,TRUE,0,0,0,0.00144942
1565838992387,-10.761,0.136,742.087,-4.00E-04,1,-5.00E-04,-0.0042,50.4,-7.00E-05,0.49602503,0,TRUE,0,0,0,0.001373828
1565838992520,-10.756,0.136,742.648,-4.00E-04,1,-6.00E-04,-0.0042,50.5,-7.00E-05,0.5312581,0,TRUE,0,0,0,0.001861281
1565838992662,-10.751,0.136,743.21,-4.00E-04,1,-6.00E-04,-0.0042,50.62,-7.00E-05,0.58204013,0,TRUE,0,0,0,0.002087955
1565838992782,-10.746,0.136,743.773,-4.00E-04,1,-6.00E-04,-0.0042,50.76,-7.00E-05,0.6015717,0,TRUE,0,0,0,0.0028781
1565838992897,-10.742,0.136,744.338,-4.00E-04,1,-6.00E-04,-0.0042,50.93,-7.00E-05,0.59766537,0,TRUE,0,0,0,0.002907532
1565838993013,-10.737,0.136,744.905,-4.00E-04,1,-6.00E-04,-0.0042,51.09,-7.00E-05,0.6015717,0,TRUE,0,0,0,0.003377875
1565838993145,-10.732,0.136,745.474,-4.00E-04,1,-6.00E-04,-0.0042,51.25,-7.00E-05,0.6171969,0,TRUE,0,0,0,0.002958811
1565838993271,-10.728,0.136,746.045,-4.00E-04,1,-6.00E-04,-0.0041,51.42,-7.00E-05,0.6445411,0,TRUE,0,0,0,0.002625843
1565838993403,-10.723,0.136,746.618,-4.00E-04,1,-6.00E-04,-0.0041,51.61,-7.00E-05,0.6796979,0,TRUE,0,0,0,0.003488937
1565838993526,-10.718,0.136,747.192,-4.00E-04,1,-6.00E-04,-0.0041,51.82,-7.00E-05,0.6992294,0,TRUE,0,0,0,0.004130014
1565838993649,-10.713,0.136,747.77,-4.00E-04,1,-6.00E-04,-0.0041,52.03,-7.00E-05,0.71876097,0,TRUE,0,0,0,0.004102451
1565838993771,-10.709,0.136,748.349,-4.00E-04,1,-6.00E-04,-0.0041,52.26,-7.00E-05,0.7343862,0,TRUE,0,0,0,0.003618455
1565838993890,-10.704,0.136,748.932,-4.00E-04,1,-6.00E-04,-0.0041,52.5,-7.00E-05,0.7499962,0,TRUE,0,0,0,0.004803652
1565838994013,-10.699,0.136,749.517,-4.00E-04,1,-6.00E-04,-0.004,52.75,-7.00E-05,0.76952773,0,TRUE,0,0,0,0.0048253
1565838994131,-10.694,0.136,750.105,-4.00E-04,1,-6.00E-04,-0.004,53.02,-7.00E-05,0.77734035,0,TRUE,0,0,0,0.005405086
1565838994247,-10.69,0.136,750.696,-4.00E-04,1,-7.00E-04,-0.004,53.28,-7.00E-05,0.785153,0,TRUE,0,0,0,0.004214462
1565838994369,-10.685,0.136,751.29,-4.00E-04,1,-7.00E-04,-0.004,53.56,-7.00E-05,0.78515303,0,TRUE,0,0,0,0.005365366
1565838994482,-10.68,0.136,751.887,-4.00E-04,1,-7.00E-04,-0.004,53.83,-7.00E-05,0.785153,0,TRUE,0,0,0,0.005558283
1565838994599,-10.675,0.136,752.487,-4.00E-04,1,-7.00E-04,-0.004,54.11,-7.00E-05,0.7851529,0,TRUE,0,0,0,0.005539863
1565838994763,-10.671,0.136,753.09,-4.00E-04,1,-7.00E-04,-0.0039,54.39,-6.80E-04,0.785153,0,TRUE,0,0,0,0.003146265
1565838994936,-10.666,0.136,753.696,-4.00E-04,1,-7.00E-04,-0.0039,54.67,-0.00156,0.76952773,0,TRUE,0,0,0,0.003708925
1565838995067,-10.662,0.136,754.306,-4.00E-04,1,-7.00E-04,-0.0037,54.94,-0.00166,0.7656214,0,TRUE,0,0,0,0.003754487
1565838995199,-10.657,0.136,754.918,-4.00E-04,1,-7.00E-04,-0.0036,55.21,-0.00178,0.7656214,0,TRUE,0,0,0,0.004641971
1565838995356,-10.653,0.136,755.534,-4.00E-04,1,-7.00E-04,-0.0033,55.48,-0.00206,0.7656214,0,TRUE,0,0,0,0.003101876
1565838995516,-10.65,0.136,756.152,-4.00E-04,1,-7.00E-04,-0.0031,55.75,-0.00298,0.76952773,0,TRUE,0,0,0,0.002275729
1565838995633,-10.647,0.136,756.773,-3.00E-04,1,-7.00E-04,-0.0028,56.03,-0.00298,0.78124666,0,TRUE,0,0,0,0.003210472
1565838995746,-10.644,0.136,757.398,-3.00E-04,1,-7.00E-04,-0.0024,56.31,-0.00298,0.785153,0,TRUE,0,0,0,0.003304113
1565838995872,-10.642,0.136,758.025,-3.00E-04,1,-7.00E-04,-0.0021,56.59,-0.00294,0.7890593,0,TRUE,0,0,0,0.001968802
1565838996040,-10.64,0.136,758.656,-3.00E-04,1,-7.00E-04,-0.0017,56.88,-0.0021,0.7890593,0,TRUE,0,0,0,0.001519733
1565838996189,-10.639,0.136,759.29,-4.00E-04,1,-7.00E-04,-0.0014,57.17,-0.00183,0.78124666,0,TRUE,0,0,0,8.53E-04
1565838996313,-10.637,0.136,759.928,-4.00E-04,1,-7.00E-04,-0.0011,57.45,-0.00183,0.785153,0,TRUE,0,0,0,0.001966135
1565838996457,-10.637,0.136,760.568,-4.00E-04,1,-7.00E-04,-9.00E-04,57.74,-0.00175,0.76952773,0,TRUE,0,0,0,0
1565838996628,-10.636,0.136,761.212,-4.00E-04,1,-7.00E-04,-7.00E-04,58.02,-5.40E-04,0.76952773,0,TRUE,0,0,0,7.07E-04
1565838996801,-10.635,0.136,761.858,-4.00E-04,1,-7.00E-04,-5.00E-04,58.3,1.40E-04,0.7578088,0,TRUE,0,0,0,6.96E-04
1565838996917,-10.635,0.136,762.508,-4.00E-04,1,-7.00E-04,-5.00E-04,58.57,1.40E-04,0.7539025,0,TRUE,0,0,0,0
1565838997035,-10.634,0.136,763.161,-4.00E-04,1,-7.00E-04,-5.00E-04,58.84,1.40E-04,0.74610513,0,TRUE,0,0,0,9.74E-04
1565838997163,-10.634,0.136,763.816,-4.00E-04,1,-7.00E-04,-5.00E-04,59.11,1.40E-04,0.71876097,0,TRUE,0,0,0,0
1565838997290,-10.633,0.136,764.475,-4.00E-04,1,-7.00E-04,-5.00E-04,59.37,1.40E-04,0.6836042,0,TRUE,0,0,0,8.62E-04
1565838997422,-10.632,0.136,765.136,-4.00E-04,1,-6.00E-04,-5.00E-04,59.6,1.40E-04,0.6484474,0,TRUE,0,0,0,7.33E-04
1565838997584,-10.632,0.136,765.8,-4.00E-04,1,-6.00E-04,-5.00E-04,59.82,4.90E-04,0.63282216,0,TRUE,0,0,0,0
1565838997747,-10.631,0.136,766.466,-4.00E-04,1,-6.00E-04,-5.00E-04,60.02,0.00186,0.51563287,0,TRUE,0,0,0,5.12E-04
1565838997917,-10.63,0.136,767.134,-5.00E-04,1,-6.00E-04,-7.00E-04,60.17,0.00186,0.36507207,0,TRUE,0,0,0,3.67E-04
1565838998075,-10.628,0.136,767.803,-5.00E-04,1,-6.00E-04,-9.00E-04,60.23,0.00177,0.2936446,0,TRUE,0,0,0,3.15E-04
1565838998241,-10.627,0.136,768.473,-5.00E-04,1,-5.00E-04,-0.0011,60.24,9.30E-04,0.23808652,0,TRUE,0,0,0,2.50E-05
1565838998411,-10.625,0.136,769.142,-5.00E-04,1,-5.00E-04,-0.0013,60.22,6.10E-04,0.09523153,0,TRUE,0,0,0,-9.77E-05
1565838998557,-10.623,0.136,769.811,-4.00E-04,1,-5.00E-04,-0.0014,60.14,6.10E-04,0,0,TRUE,0,0,0,-4.55E-04
1565838998668,-10.621,0.136,770.478,-4.00E-04,1,-5.00E-04,-0.0015,60.04,6.10E-04,0,0,TRUE,0,0,0,-7.50E-04
1565838998780,-10.619,0.136,771.145,-4.00E-04,1,-4.00E-04,-0.0016,59.94,6.10E-04,0,0,TRUE,0,0,0,-7.44E-04
1565838998939,-10.616,0.136,771.81,-4.00E-04,1,-4.00E-04,-0.0016,59.84,6.10E-04,0.123018205,0,TRUE,0,0,0,-7.88E-04
1565838999111,-10.614,0.136,772.474,-4.00E-04,1,-4.00E-04,-0.0017,59.73,6.10E-04,0.3015793,0,TRUE,0,0,0,-5.35E-04
1565838999253,-10.612,0.136,773.138,-4.00E-04,1,-5.00E-04,-0.0018,59.71,6.10E-04,0.37300676,0,TRUE,0,0,0,-1.18E-04
1565838999376,-10.609,0.136,773.802,-4.00E-04,1,-5.00E-04,-0.0019,59.75,6.10E-04,0.3888762,0,TRUE,0,0,0,4.08E-04
1565838999499,-10.606,0.136,774.466,-4.00E-04,1,-5.00E-04,-0.0019,59.81,6.10E-04,0.40476084,0,TRUE,0,0,0,6.12E-04
1565838999612,-10.604,0.136,775.131,-4.00E-04,1,-5.00E-04,-0.002,59.87,6.10E-04,0.40872818,0,TRUE,0,0,0,4.44E-04
1565838999731,-10.601,0.136,775.797,-4.00E-04,1,-5.00E-04,-0.0021,59.94,6.10E-04,0.41269553,0,TRUE,0,0,0,7.36E-04
1565838999845,-10.598,0.136,776.463,-4.00E-04,1,-5.00E-04,-0.0022,60.01,6.10E-04,0.40872818,0,TRUE,0,0,0,7.68E-04
1565838999962,-10.595,0.136,777.131,-4.00E-04,1,-5.00E-04,-0.0022,60.08,6.10E-04,0.41666287,0,TRUE,0,0,0,7.46E-04
1565839000115,-10.591,0.136,777.799,-4.00E-04,1,-5.00E-04,-0.0023,60.15,3.50E-04,0.41666287,0,TRUE,0,0,0,7.61E-04
1565839000260,-10.588,0.136,778.467,-4.00E-04,1,-5.00E-04,-0.0024,60.23,1.40E-04,0.41666287,0,TRUE,0,0,0,6.88E-04
1565839000372,-10.585,0.136,779.137,-4.00E-04,1,-5.00E-04,-0.0024,60.3,1.40E-04,0.41666287,0,TRUE,0,0,0,7.77E-04
1565839000492,-10.582,0.136,779.808,-4.00E-04,1,-5.00E-04,-0.0024,60.37,1.30E-04,0.42063022,0,TRUE,0,0,0,7.25E-04
1565839000606,-10.578,0.136,780.479,-4.00E-04,1,-5.00E-04,-0.0024,60.45,1.30E-04,0.41666287,0,TRUE,0,0,0,0.001161924
1565839000716,-10.575,0.136,781.151,-4.00E-04,1,-5.00E-04,-0.0025,60.52,1.30E-04,0.41666287,0,TRUE,0,0,0,7.89E-04
1565839000826,-10.572,0.136,781.824,-4.00E-04,1,-5.00E-04,-0.0025,60.6,1.30E-04,0.41666287,0,TRUE,0,0,0,9.01E-04
1565839000939,-10.568,0.136,782.498,-4.00E-04,1,-5.00E-04,-0.0025,60.67,1.30E-04,0.41666287,0,TRUE,0,0,0,0.001021102
1565839001076,-10.565,0.136,783.173,-4.00E-04,1,-5.00E-04,-0.0025,60.74,-2.00E-05,0.41666287,0,TRUE,0,0,0,6.31E-04
1565839001240,-10.561,0.136,783.848,-4.00E-04,1,-5.00E-04,-0.0025,60.82,-3.80E-04,0.42063022,0,TRUE,0,0,0,8.03E-04
1565839001352,-10.558,0.136,784.525,-4.00E-04,1,-5.00E-04,-0.0025,60.89,-3.80E-04,0.42063022,0,TRUE,0,0,0,7.69E-04
1565839001466,-10.555,0.136,785.202,-4.00E-04,1,-5.00E-04,-0.0024,60.97,-3.80E-04,0.42063022,0,TRUE,0,0,0,8.64E-04
1565839001580,-10.552,0.136,785.88,-4.00E-04,1,-5.00E-04,-0.0024,61.04,-3.80E-04,0.42063022,0,TRUE,0,0,0,7.55E-04
1565839001692,-10.549,0.136,786.559,-4.00E-04,1,-5.00E-04,-0.0023,61.12,-3.80E-04,0.42063022,0,TRUE,0,0,0,8.77E-04
1565839001802,-10.546,0.136,787.238,-4.00E-04,1,-5.00E-04,-0.0023,61.19,-3.80E-04,0.42063022,0,TRUE,0,0,0,7.81E-04
1565839001911,-10.543,0.136,787.919,-4.00E-04,1,-5.00E-04,-0.0022,61.27,-3.80E-04,0.42063022,0,TRUE,0,0,0,8.98E-04
1565839002027,-10.54,0.136,788.6,-4.00E-04,1,-5.00E-04,-0.0022,61.34,-3.80E-04,0.42063022,0,TRUE,0,0,0,7.39E-04
1565839002139,-10.537,0.136,789.282,-4.00E-04,1,-5.00E-04,-0.0021,61.42,-3.80E-04,0.42063022,0,TRUE,0,0,0,8.73E-04
1565839002250,-10.534,0.136,789.965,-4.00E-04,1,-5.00E-04,-0.0021,61.5,-3.80E-04,0.42063022,0,TRUE,0,0,0,8.79E-04
1565839002361,-10.531,0.136,790.649,-4.00E-04,1,-5.00E-04,-0.002,61.57,-3.80E-04,0.42063022,0,TRUE,0,0,0,7.68E-04
1565839002475,-10.529,0.136,791.334,-4.00E-04,1,-5.00E-04,-0.002,61.65,-3.80E-04,0.42063022,0,TRUE,0,0,0,5.69E-04
1565839002587,-10.526,0.136,792.019,-4.00E-04,1,-5.00E-04,-0.0019,61.72,-3.80E-04,0.42063022,0,TRUE,0,0,0,7.60E-04
1565839002698,-10.524,0.136,792.706,-4.00E-04,1,-5.00E-04,-0.0019,61.8,-3.80E-04,0.41666287,0,TRUE,0,0,0,5.83E-04
1565839002811,-10.521,0.136,793.393,-4.00E-04,1,-5.00E-04,-0.0018,61.87,-3.80E-04,0.41666287,0,TRUE,0,0,0,7.51E-04
1565839002923,-10.519,0.136,794.081,-4.00E-04,1,-5.00E-04,-0.0018,61.94,-3.80E-04,0.41666287,0,TRUE,0,0,0,5.05E-04
1565839003033,-10.517,0.136,794.77,-4.00E-04,1,-5.00E-04,-0.0017,62.02,-3.80E-04,0.41666287,0,TRUE,0,0,0,5.86E-04
1565839003150,-10.514,0.136,795.459,-4.00E-04,1,-5.00E-04,-0.0016,62.09,-3.80E-04,0.42063022,0,TRUE,0,0,0,7.24E-04
1565839003260,-10.512,0.136,796.15,-4.00E-04,1,-5.00E-04,-0.0016,62.16,-3.80E-04,0.42063022,0,TRUE,0,0,0,5.12E-04
1565839003371,-10.51,0.136,796.841,-4.00E-04,1,-5.00E-04,-0.0015,62.24,-3.80E-04,0.42063022,0,TRUE,0,0,0,5.79E-04
1565839003482,-10.508,0.136,797.533,-4.00E-04,1,-5.00E-04,-0.0015,62.31,-3.80E-04,0.42063022,0,TRUE,0,0,0,5.06E-04
1565839003597,-10.506,0.136,798.226,-4.00E-04,1,-5.00E-04,-0.0014,62.39,-3.80E-04,0.42063022,0,TRUE,0,0,0,5.58E-04
1565839003708,-10.504,0.136,798.92,-4.00E-04,1,-5.00E-04,-0.0014,62.46,-3.80E-04,0.42063022,0,TRUE,0,0,0,5.05E-04
1565839003819,-10.502,0.136,799.614,-4.00E-04,1,-5.00E-04,-0.0013,62.54,-3.80E-04,0.42063022,0,TRUE,0,0,0,5.77E-04
1565839003931,-10.501,0.136,800.31,-4.00E-04,1,-5.00E-04,-0.0013,62.61,-3.80E-04,0.42459756,0,TRUE,0,0,0,2.49E-04
1565839004045,-10.499,0.136,801.006,-4.00E-04,1,-5.00E-04,-0.0012,62.69,-3.80E-04,0.41666287,0,TRUE,0,0,0,5.60E-04
1565839004155,-10.497,0.136,801.703,-4.00E-04,1,-5.00E-04,-0.0012,62.76,-3.80E-04,0.41666287,0,TRUE,0,0,0,5.07E-04
1565839004267,-10.496,0.136,802.401,-4.00E-04,1,-5.00E-04,-0.0011,62.84,-3.80E-04,0.41666287,0,TRUE,0,0,0,2.84E-04
1565839004381,-10.494,0.136,803.1,-4.00E-04,1,-5.00E-04,-0.0011,62.91,-3.80E-04,0.41666287,0,TRUE,0,0,0,4.88E-04
1565839004491,-10.493,0.136,803.8,-4.00E-04,1,-5.00E-04,-0.001,62.98,-3.80E-04,0.41666287,0,TRUE,0,0,0,2.53E-04
1565839004604,-10.492,0.136,804.5,-4.00E-04,1,-5.00E-04,-0.001,63.05,-3.80E-04,0.41666287,0,TRUE,0,0,0,2.46E-04
1565839004716,-10.491,0.136,805.201,-4.00E-04,1,-5.00E-04,-9.00E-04,63.13,-3.80E-04,0.41666287,0,TRUE,0,0,0,2.83E-04
1565839004827,-10.489,0.136,805.903,-4.00E-04,1,-5.00E-04,-9.00E-04,63.2,-3.80E-04,0.41666287,0,TRUE,0,0,0,4.99E-04
1565839004939,-10.488,0.136,806.606,-4.00E-04,1,-5.00E-04,-8.00E-04,63.27,-3.80E-04,0.41269553,0,TRUE,0,0,0,2.47E-04
1565839005053,-10.487,0.136,807.309,-4.00E-04,1,-5.00E-04,-8.00E-04,63.34,-3.80E-04,0.41269553,0,TRUE,0,0,0,2.42E-04
1565839005163,-10.486,0.136,808.014,-4.00E-04,1,-5.00E-04,-7.00E-04,63.41,-3.80E-04,0.41269553,0,TRUE,0,0,0,2.51E-04
1565839005273,-10.485,0.136,808.719,-4.00E-04,1,-5.00E-04,-6.00E-04,63.48,-3.80E-04,0.41269553,0,TRUE,0,0,0,2.51E-04
1565839005388,-10.485,0.136,809.425,-4.00E-04,1,-5.00E-04,-6.00E-04,63.55,-3.80E-04,0.41269553,0,TRUE,0,0,0,0
1565839005500,-10.484,0.136,810.131,-4.00E-04,1,-5.00E-04,-5.00E-04,63.62,-3.80E-04,0.41269553,0,TRUE,0,0,0,2.46E-04
1565839005610,-10.483,0.136,810.839,-4.00E-04,1,-5.00E-04,-5.00E-04,63.69,-3.80E-04,0.41269553,0,TRUE,0,0,0,2.50E-04
1565839005720,-10.483,0.136,811.547,-4.00E-04,1,-5.00E-04,-4.00E-04,63.76,-3.80E-04,0.41269553,0,TRUE,0,0,0,0
1565839005837,-10.482,0.136,812.256,-4.00E-04,1,-5.00E-04,-4.00E-04,63.83,-3.80E-04,0.41666287,0,TRUE,0,0,0,2.34E-04
1565839005946,-10.482,0.136,812.965,-4.00E-04,1,-5.00E-04,-3.00E-04,63.9,-3.80E-04,0.41666287,0,TRUE,0,0,0,0
1565839006057,-10.481,0.136,813.676,-4.00E-04,1,-5.00E-04,-3.00E-04,63.97,-3.80E-04,0.41666287,0,TRUE,0,0,0,2.46E-04
1565839006171,-10.481,0.136,814.387,-4.00E-04,1,-5.00E-04,-2.00E-04,64.04,-3.80E-04,0.41666287,0,TRUE,0,0,0,0
1565839006288,-10.481,0.136,815.099,-4.00E-04,1,-5.00E-04,-2.00E-04,64.11,-4.20E-04,0.41269553,0,TRUE,0,0,0,0
1565839006454,-10.481,0.136,815.812,-4.00E-04,1,-5.00E-04,-1.00E-04,64.18,-7.40E-04,0.41269553,0,TRUE,0,0,0,0
1565839006565,-10.481,0.136,816.526,-4.00E-04,1,-5.00E-04,0,64.25,-7.40E-04,0.41666287,0,TRUE,0,0,0,0
1565839006674,-10.481,0.136,817.24,-4.00E-04,1,-5.00E-04,1.00E-04,64.32,-7.40E-04,0.41666287,0,TRUE,0,0,0,0
1565839006786,-10.481,0.136,817.956,-4.00E-04,1,-5.00E-04,2.00E-04,64.38,-7.40E-04,0.41666287,0,TRUE,0,0,0,0
1565839006898,-10.482,0.136,818.671,-4.00E-04,1,-5.00E-04,3.00E-04,64.43,-7.40E-04,0.41666287,0,TRUE,0,0,0,1.74E-04
1565839007015,-10.482,0.136,819.388,-4.00E-04,1,-5.00E-04,4.00E-04,64.48,-7.40E-04,0.41666287,0,TRUE,0,0,0,0
1565839007130,-10.483,0.136,820.105,-4.00E-04,1,-5.00E-04,5.00E-04,64.53,-7.40E-04,0.41666287,0,TRUE,0,0,0,1.68E-04
1565839007243,-10.484,0.136,820.822,-4.00E-04,1,-5.00E-04,6.00E-04,64.57,-7.40E-04,0.41269553,0,TRUE,0,0,0,1.37E-04
1565839007359,-10.485,0.136,821.54,-4.00E-04,1,-5.00E-04,7.00E-04,64.62,-7.40E-04,0.41269553,0,TRUE,0,0,0,1.67E-04
1565839007470,-10.486,0.136,822.258,-4.00E-04,1,-5.00E-04,8.00E-04,64.66,-7.40E-04,0.41269553,0,TRUE,0,0,0,1.39E-04
1565839007594,-10.488,0.136,822.977,-4.00E-04,1,-5.00E-04,9.00E-04,64.71,-7.40E-04,0.41666287,0,TRUE,0,0,0,3.12E-04
1565839007710,-10.489,0.136,823.696,-4.00E-04,1,-5.00E-04,0.001,64.76,-7.40E-04,0.41666287,0,TRUE,0,0,0,1.67E-04
1565839007822,-10.491,0.136,824.416,-4.00E-04,1,-5.00E-04,0.0011,64.8,-7.40E-04,0.41666287,0,TRUE,0,0,0,2.76E-04
1565839007931,-10.493,0.136,825.137,-4.00E-04,1,-5.00E-04,0.0012,64.85,-7.40E-04,0.41666287,0,TRUE,0,0,0,3.53E-04
1565839008042,-10.495,0.136,825.858,-4.00E-04,1,-5.00E-04,0.0013,64.9,-7.40E-04,0.41666287,0,TRUE,0,0,0,3.47E-04
1565839008154,-10.497,0.136,826.579,-4.00E-04,1,-5.00E-04,0.0014,64.95,-7.40E-04,0.41666287,0,TRUE,0,0,0,3.44E-04
1565839008268,-10.499,0.136,827.301,-4.00E-04,1,-5.00E-04,0.0015,64.99,-7.40E-04,0.41666287,0,TRUE,0,0,0,2.70E-04
1565839008386,-10.502,0.136,828.024,-4.00E-04,1,-5.00E-04,0.0016,65.04,-7.40E-04,0.41666287,0,TRUE,0,0,0,4.88E-04
1565839008495,-10.504,0.136,828.747,-4.00E-04,1,-5.00E-04,0.0017,65.09,-7.40E-04,0.41666287,0,TRUE,0,0,0,3.52E-04
1565839008608,-10.507,0.136,829.47,-4.00E-04,1,-5.00E-04,0.0018,65.14,-7.40E-04,0.41666287,0,TRUE,0,0,0,5.10E-04
1565839008719,-10.51,0.136,830.194,-4.00E-04,1,-5.00E-04,0.0019,65.19,-7.40E-04,0.41666287,0,TRUE,0,0,0,5.19E-04
1565839008836,-10.513,0.136,830.919,-4.00E-04,1,-5.00E-04,0.002,65.23,-7.30E-04,0.41269553,0,TRUE,0,0,0,3.93E-04
1565839008979,-10.516,0.136,831.644,-4.00E-04,1,-5.00E-04,0.0021,65.28,-5.50E-04,0.40872818,0,TRUE,0,0,0,4.02E-04
1565839009136,-10.519,0.136,832.37,-4.00E-04,1,-5.00E-04,0.0022,65.33,-2.00E-04,0.40872818,0,TRUE,0,0,0,3.66E-04
1565839009258,-10.523,0.136,833.096,-4.00E-04,1,-5.00E-04,0.0023,65.37,-2.00E-04,0.3809415,0,TRUE,0,0,0,5.02E-04
1565839009392,-10.526,0.136,833.823,-4.00E-04,1,-5.00E-04,0.0023,65.4,-2.00E-04,0.341268,0,TRUE,0,0,0,2.57E-04
1565839009517,-10.529,0.136,834.55,-4.00E-04,1,-5.00E-04,0.0023,65.42,-2.00E-04,0.30554664,0,TRUE,0,0,0,1.83E-04
1565839009640,-10.533,0.136,835.277,-4.00E-04,1,-5.00E-04,0.0024,65.42,-2.00E-04,0.27777523,0,TRUE,0,0,0,0
1565839009773,-10.536,0.136,836.004,-4.00E-04,1,-5.00E-04,0.0024,65.4,-2.00E-04,0.31348133,0,TRUE,0,0,0,-1.72E-04
1565839009911,-10.54,0.136,836.73,-4.00E-04,1,-5.00E-04,0.0024,65.4,-2.00E-04,0.37697417,0,TRUE,0,0,0,0
1565839010037,-10.544,0.136,837.457,-4.00E-04,1,-5.00E-04,0.0024,65.42,-2.00E-04,0.41269553,0,TRUE,0,0,0,2.43E-04
1565839010179,-10.547,0.136,838.184,-4.00E-04,1,-5.00E-04,0.0025,65.46,-2.00E-04,0.484123,0,TRUE,0,0,0,3.23E-04
1565839010311,-10.551,0.136,838.912,-4.00E-04,1,-5.00E-04,0.0025,65.54,-2.00E-04,0.5195392,0,TRUE,0,0,0,9.25E-04
1565839010424,-10.555,0.136,839.641,-4.00E-04,1,-6.00E-04,0.0025,65.63,-2.00E-04,0.5234455,0,TRUE,0,0,0,0.001214058
1565839010533,-10.558,0.136,840.371,-4.00E-04,1,-6.00E-04,0.0026,65.73,-2.00E-04,0.5234455,0,TRUE,0,0,0,0.001047137
1565839010648,-10.562,0.136,841.102,-4.00E-04,1,-6.00E-04,0.0026,65.83,-2.00E-04,0.5234455,0,TRUE,0,0,0,0.001321875
1565839010765,-10.566,0.136,841.834,-4.00E-04,1,-6.00E-04,0.0026,65.93,-2.00E-04,0.5234455,0,TRUE,0,0,0,0.001297236
1565839010875,-10.57,0.136,842.568,-4.00E-04,1,-6.00E-04,0.0027,66.03,-2.00E-04,0.5234455,0,TRUE,0,0,0,0.001376002
1565839010988,-10.574,0.136,843.302,-4.00E-04,1,-6.00E-04,0.0027,66.13,-2.00E-04,0.5195392,0,TRUE,0,0,0,0.00133979
1565839011101,-10.578,0.136,844.038,-4.00E-04,1,-6.00E-04,0.0027,66.23,-2.00E-04,0.5195392,0,TRUE,0,0,0,0.001335907
1565839011216,-10.582,0.136,844.774,-4.00E-04,1,-6.00E-04,0.0028,66.33,-2.00E-04,0.51172656,0,TRUE,0,0,0,0.001312683
1565839011334,-10.586,0.136,845.512,-4.00E-04,1,-6.00E-04,0.0028,66.43,-2.00E-04,0.51563287,0,TRUE,0,0,0,0.001276017
1565839011447,-10.59,0.136,846.251,-4.00E-04,1,-6.00E-04,0.0028,66.53,-2.00E-04,0.51172656,0,TRUE,0,0,0,0.00133051
1565839011556,-10.595,0.136,846.991,-4.00E-04,1,-6.00E-04,0.0029,66.63,-2.00E-04,0.51172656,0,TRUE,0,0,0,0.00172176
1565839011667,-10.599,0.136,847.732,-4.00E-04,1,-6.00E-04,0.0029,66.72,-2.00E-04,0.51563287,0,TRUE,0,0,0,0.001215793
1565839011782,-10.603,0.136,848.474,-4.00E-04,1,-6.00E-04,0.0029,66.82,-2.00E-04,0.51172656,0,TRUE,0,0,0,0.001301993
1565839011896,-10.608,0.136,849.217,-4.00E-04,1,-6.00E-04,0.003,66.92,-2.00E-04,0.51172656,0,TRUE,0,0,0,0.001639753
1565839012008,-10.612,0.136,849.962,-4.00E-04,1,-6.00E-04,0.003,67.02,-2.00E-04,0.51172656,0,TRUE,0,0,0,0.001331819
1565839012117,-10.617,0.136,850.707,-4.00E-04,1,-6.00E-04,0.003,67.12,-2.00E-04,0.51172656,0,TRUE,0,0,0,0.001710139
1565839012238,-10.621,0.136,851.453,-4.00E-04,1,-6.00E-04,0.003,67.21,-2.00E-04,0.51172656,0,TRUE,0,0,0,0.001107911
1565839012353,-10.626,0.136,852.201,-4.00E-04,1,-6.00E-04,0.0031,67.31,-2.00E-04,0.51563287,0,TRUE,0,0,0,0.001614619
1565839012464,-10.631,0.136,852.95,-4.00E-04,1,-6.00E-04,0.0031,67.41,-2.00E-04,0.51563287,0,TRUE,0,0,0,0.001670295
1565839012573,-10.635,0.136,853.699,-4.00E-04,1,-6.00E-04,0.0031,67.51,-2.00E-04,0.51563287,0,TRUE,0,0,0,0.001361226
1565839012685,-10.64,0.136,854.45,-4.00E-04,1,-6.00E-04,0.0032,67.61,-2.00E-04,0.51563287,0,TRUE,0,0,0,0.001651131
1565839012803,-10.645,0.136,855.202,-4.00E-04,1,-6.00E-04,0.0032,67.71,-2.00E-04,0.51563287,0,TRUE,0,0,0,0.00156514
1565839012914,-10.65,0.136,855.955,-4.00E-04,1,-6.00E-04,0.0032,67.82,-2.00E-04,0.51563287,0,TRUE,0,0,0,0.001827543
1565839013026,-10.655,0.136,856.71,-4.00E-04,1,-6.00E-04,0.0033,67.92,-2.00E-04,0.51563287,0,TRUE,0,0,0,0.001642455
1565839013136,-10.66,0.136,857.465,-4.00E-04,1,-6.00E-04,0.0033,68.02,-2.00E-04,0.51563287,0,TRUE,0,0,0,0.001672318
1565839013245,-10.665,0.136,858.222,-4.00E-04,1,-6.00E-04,0.0033,68.12,-2.00E-04,0.51563287,0,TRUE,0,0,0,0.001683435
1565839013360,-10.67,0.136,858.979,-4.00E-04,1,-6.00E-04,0.0034,68.22,-2.00E-04,0.51563287,0,TRUE,0,0,0,0.001595353
1565839013472,-10.675,0.136,859.738,-4.00E-04,1,-6.00E-04,0.0034,68.32,-2.00E-04,0.51172656,0,TRUE,0,0,0,0.00163387
1565839013630,-10.68,0.136,860.498,-4.00E-04,1,-6.00E-04,0.0034,68.42,1.80E-04,0.51172656,0,TRUE,0,0,0,0.001156605
1565839013798,-10.686,0.136,861.259,-4.00E-04,1,-6.00E-04,0.0034,68.52,7.90E-04,0.50782025,0,TRUE,0,0,0,0.0013035
1565839013910,-10.691,0.136,862.021,-5.00E-04,1,-6.00E-04,0.0034,68.62,7.90E-04,0.51172656,0,TRUE,0,0,0,0.001627451
1565839014021,-10.696,0.136,862.784,-5.00E-04,1,-6.00E-04,0.0033,68.72,7.90E-04,0.51172656,0,TRUE,0,0,0,0.001639886
1565839014188,-10.7,0.136,863.548,-5.00E-04,1,-6.00E-04,0.0032,68.82,1.30E-04,0.50782025,0,TRUE,0,0,0,8.71E-04
1565839014330,-10.705,0.136,864.314,-4.00E-04,1,-6.00E-04,0.0031,68.92,-1.10E-04,0.51172656,0,TRUE,0,0,0,0.001276777
1565839014498,-10.71,0.136,865.081,-4.00E-04,1,-6.00E-04,0.0031,69.02,4.40E-04,0.50782025,0,TRUE,0,0,0,0.001077892
1565839014631,-10.715,0.136,865.848,-4.00E-04,1,-6.00E-04,0.0031,69.12,6.10E-04,0.51172656,0,TRUE,0,0,0,0.001361543
1565839014784,-10.719,0.136,866.617,-4.00E-04,1,-6.00E-04,0.003,69.23,3.50E-04,0.51172656,0,TRUE,0,0,0,0.001038742
1565839014939,-10.724,0.136,867.387,-4.00E-04,1,-6.00E-04,0.0029,69.33,8.00E-05,0.51172656,0,TRUE,0,0,0,0.001163666
1565839015051,-10.728,0.136,868.158,-4.00E-04,1,-6.00E-04,0.0029,69.43,8.00E-05,0.51172656,0,TRUE,0,0,0,0.001286599
1565839015165,-10.733,0.136,868.93,-4.00E-04,1,-6.00E-04,0.0029,69.53,8.00E-05,0.51172656,0,TRUE,0,0,0,0.001578174
1565839015275,-10.737,0.136,869.703,-4.00E-04,1,-6.00E-04,0.0029,69.63,8.00E-05,0.51172656,0,TRUE,0,0,0,0.001306891
1565839015391,-10.741,0.136,870.478,-4.00E-04,1,-6.00E-04,0.0029,69.73,8.00E-05,0.50782025,0,TRUE,0,0,0,0.001235872
1565839015507,-10.746,0.136,871.253,-4.00E-04,1,-6.00E-04,0.0029,69.84,8.00E-05,0.50782025,0,TRUE,0,0,0,0.001699395
1565839015619,-10.75,0.136,872.03,-4.00E-04,1,-6.00E-04,0.0029,69.94,8.00E-05,0.50782025,0,TRUE,0,0,0,0.001276692
1565839015736,-10.755,0.136,872.808,-4.00E-04,1,-6.00E-04,0.0029,70.04,8.00E-05,0.50782025,0,TRUE,0,0,0,0.001525886
1565839015850,-10.759,0.136,873.587,-4.00E-04,1,-6.00E-04,0.0029,70.14,8.00E-05,0.50782025,0,TRUE,0,0,0,0.001251054
1565839015966,-10.764,0.136,874.367,-4.00E-04,1,-6.00E-04,0.0029,70.24,8.00E-05,0.50782025,0,TRUE,0,0,0,0.001534946
1565839016079,-10.768,0.136,875.148,-4.00E-04,1,-6.00E-04,0.0028,70.34,8.00E-05,0.50782025,0,TRUE,0,0,0,0.00125887
1565839016203,-10.773,0.136,875.93,-4.00E-04,1,-6.00E-04,0.0028,70.44,-2.00E-05,0.50782025,0,TRUE,0,0,0,0.00143244
1565839016371,-10.777,0.136,876.714,-4.00E-04,1,-6.00E-04,0.0028,70.54,-6.90E-04,0.50782025,0,TRUE,0,0,0,8.44E-04
1565839016532,-10.782,0.136,877.498,-4.00E-04,1,-6.00E-04,0.0029,70.64,-2.80E-04,0.50782025,0,TRUE,0,0,0,0.001100118
1565839016696,-10.786,0.136,878.284,-4.00E-04,1,-6.00E-04,0.003,70.74,0.00106,0.50782025,0,TRUE,0,0,0,8.62E-04
1565839016867,-10.791,0.136,879.071,-4.00E-04,1,-6.00E-04,0.0029,70.84,1.00E-05,0.50782025,0,TRUE,0,0,0,0.001032044
1565839017031,-10.795,0.136,879.859,-4.00E-04,1,-6.00E-04,0.0028,70.95,-4.70E-04,0.50782025,0,TRUE,0,0,0,9.46E-04
1565839017196,-10.8,0.136,880.648,-4.00E-04,1,-6.00E-04,0.0029,71.05,5.70E-04,0.50782025,0,TRUE,0,0,0,0.001066924
1565839017346,-10.804,0.136,881.438,-4.00E-04,1,-6.00E-04,0.0029,71.15,7.90E-04,0.50782025,0,TRUE,0,0,0,9.38E-04
1565839017507,-10.809,0.136,882.229,-5.00E-04,1,-6.00E-04,0.0028,71.25,1.80E-04,0.50782025,0,TRUE,0,0,0,0.001090564
1565839017623,-10.813,0.136,883.022,-4.00E-04,1,-6.00E-04,0.0027,71.35,1.70E-04,0.50782025,0,TRUE,0,0,0,0.001207813
1565839017735,-10.817,0.136,883.815,-4.00E-04,1,-6.00E-04,0.0027,71.46,1.70E-04,0.50782025,0,TRUE,0,0,0,0.001376295
1565839017902,-10.821,0.136,884.61,-4.00E-04,1,-6.00E-04,0.0027,71.56,-2.50E-04,0.50782025,0,TRUE,0,0,0,8.37E-04
1565839018066,-10.825,0.136,885.406,-4.00E-04,1,-6.00E-04,0.0027,71.66,-0.00133,0.50782025,0,TRUE,0,0,0,8.51E-04
1565839018193,-10.83,0.136,886.203,-4.00E-04,1,-6.00E-04,0.0028,71.76,-0.00144,0.50782025,0,TRUE,0,0,0,0.001372151
1565839018306,-10.835,0.136,887.001,-4.00E-04,1,-6.00E-04,0.003,71.87,-0.00144,0.50782025,0,TRUE,0,0,0,0.001694326
1565839018443,-10.84,0.136,887.8,-3.00E-04,1,-6.00E-04,0.0032,71.97,-0.00126,0.50782025,0,TRUE,0,0,0,0.001268788
1565839018613,-10.846,0.136,888.6,-4.00E-04,1,-6.00E-04,0.0034,72.07,-5.50E-04,0.50782025,0,TRUE,0,0,0,0.001225367
1565839018779,-10.852,0.136,889.402,-4.00E-04,1,-6.00E-04,0.0036,72.17,-2.30E-04,0.50782025,0,TRUE,0,0,0,0.001251941
1565839018952,-10.858,0.136,890.205,-4.00E-04,1,-6.00E-04,0.0036,72.28,-9.00E-04,0.51172656,0,TRUE,0,0,0,0.001319524
1565839019123,-10.864,0.136,891.009,-4.00E-04,1,-6.00E-04,0.0037,72.38,4.80E-04,0.51172656,0,TRUE,0,0,0,0.001212383
1565839019291,-10.87,0.136,891.814,-4.00E-04,1,-6.00E-04,0.0038,72.49,-8.10E-04,0.51172656,0,TRUE,0,0,0,0.001355396
1565839019462,-10.876,0.136,892.62,-4.00E-04,1,-6.00E-04,0.0038,72.59,-7.40E-04,0.51172656,0,TRUE,0,0,0,0.001209353
1565839019632,-10.882,0.136,893.427,-4.00E-04,1,-6.00E-04,0.0039,72.7,-2.00E-05,0.51172656,0,TRUE,0,0,0,0.001336208
1565839019793,-10.889,0.136,894.236,-4.00E-04,1,-6.00E-04,0.004,72.8,-7.80E-04,0.51172656,0,TRUE,0,0,0,0.001492857
1565839019961,-10.895,0.136,895.045,-4.00E-04,1,-6.00E-04,0.004,72.91,4.00E-05,0.51172656,0,TRUE,0,0,0,0.001349066
1565839020121,-10.902,0.136,895.856,-4.00E-04,1,-6.00E-04,0.0041,73.01,3.40E-04,0.51172656,0,TRUE,0,0,0,0.001498343
1565839020285,-10.909,0.136,896.668,-4.00E-04,1,-6.00E-04,0.0041,73.12,-1.00E-04,0.51172656,0,TRUE,0,0,0,0.001606077
1565839020396,-10.915,0.136,897.481,-4.00E-04,1,-6.00E-04,0.0041,73.23,-1.00E-04,0.51172656,0,TRUE,0,0,0,0.00203139
1565839020510,-10.922,0.136,898.296,-4.00E-04,1,-6.00E-04,0.0041,73.33,-1.00E-04,0.51172656,0,TRUE,0,0,0,0.002092701
1565839020628,-10.929,0.136,899.111,-4.00E-04,1,-6.00E-04,0.0041,73.44,-1.00E-04,0.51172656,0,TRUE,0,0,0,0.002223985
1565839020742,-10.935,0.136,899.928,-4.00E-04,1,-6.00E-04,0.0041,73.54,-1.00E-04,0.51172656,0,TRUE,0,0,0,0.001789636
1565839020853,-10.942,0.136,900.746,-4.00E-04,1,-6.00E-04,0.0042,73.65,-1.00E-04,0.51172656,0,TRUE,0,0,0,0.002355593
1565839020989,-10.949,0.136,901.565,-4.00E-04,1,-6.00E-04,0.0042,73.76,9.00E-05,0.51172656,0,TRUE,0,0,0,0.001920144
1565839021151,-10.956,0.136,902.385,-4.00E-04,1,-6.00E-04,0.0042,73.86,7.90E-04,0.51172656,0,TRUE,0,0,0,0.001463654
1565839021261,-10.963,0.136,903.207,-4.00E-04,1,-6.00E-04,0.0041,73.97,7.90E-04,0.51172656,0,TRUE,0,0,0,0.002365535
1565839021375,-10.969,0.136,904.029,-5.00E-04,1,-6.00E-04,0.004,74.07,7.90E-04,0.51172656,0,TRUE,0,0,0,0.001778325
1565839021484,-10.975,0.136,904.853,-5.00E-04,1,-6.00E-04,0.0039,74.18,7.90E-04,0.51172656,0,TRUE,0,0,0,0.002041255
1565839021595,-10.982,0.136,905.678,-5.00E-04,1,-6.00E-04,0.0038,74.29,7.90E-04,0.51172656,0,TRUE,0,0,0,0.002335726
1565839021707,-10.988,0.136,906.504,-5.00E-04,1,-6.00E-04,0.0037,74.39,7.90E-04,0.51172656,0,TRUE,0,0,0,0.001801254
1565839021818,-10.993,0.136,907.332,-5.00E-04,1,-6.00E-04,0.0035,74.5,7.90E-04,0.51172656,0,TRUE,0,0,0,0.001662424
1565839021931,-10.999,0.136,908.16,-5.00E-04,1,-6.00E-04,0.0034,74.61,7.90E-04,0.51172656,0,TRUE,0,0,0,0.001959254
1565839022040,-11.004,0.136,908.99,-5.00E-04,1,-6.00E-04,0.0033,74.71,7.90E-04,0.51172656,0,TRUE,0,0,0,0.001535145
1565839022150,-11.009,0.136,909.821,-5.00E-04,1,-6.00E-04,0.0032,74.82,7.90E-04,0.51172656,0,TRUE,0,0,0,0.001671377
1565839022264,-11.014,0.136,910.653,-5.00E-04,1,-6.00E-04,0.003,74.93,7.90E-04,0.51172656,0,TRUE,0,0,0,0.001610721
1565839022375,-11.019,0.136,911.486,-5.00E-04,1,-6.00E-04,0.0029,75.03,7.90E-04,0.51172656,0,TRUE,0,0,0,0.001502073
1565839022491,-11.024,0.136,912.321,-5.00E-04,1,-6.00E-04,0.0028,75.14,7.90E-04,0.51172656,0,TRUE,0,0,0,0.001577396
1565839022603,-11.028,0.136,913.156,-5.00E-04,1,-6.00E-04,0.0027,75.25,7.90E-04,0.51172656,0,TRUE,0,0,0,0.001306773
1565839022739,-11.032,0.136,913.993,-5.00E-04,1,-6.00E-04,0.0026,75.35,7.90E-04,0.45633632,0,TRUE,0,0,0,9.76E-04
1565839022903,-11.036,0.136,914.831,-5.00E-04,1,-6.00E-04,0.0024,75.44,7.90E-04,0.19047838,0,TRUE,0,0,0,7.28E-04
1565839023070,-11.04,0.136,915.669,-5.00E-04,1,-5.00E-04,0.0023,75.38,7.90E-04,0,0,TRUE,0,0,0,-4.76E-04
1565839023183,-11.044,0.136,916.506,-5.00E-04,1,-5.00E-04,0.0022,75.28,7.90E-04,0,0,TRUE,0,0,0,-0.001174691
1565839023294,-11.047,0.136,917.342,-5.00E-04,1,-4.00E-04,0.0021,75.18,7.90E-04,0,0,TRUE,0,0,0,-8.98E-04
1565839023411,-11.05,0.136,918.177,-5.00E-04,1,-4.00E-04,0.0019,75.08,7.90E-04,0,0,TRUE,0,0,0,-8.53E-04
1565839023521,-11.053,0.136,919.01,-5.00E-04,1,-4.00E-04,0.0018,74.98,7.90E-04,0,0,TRUE,0,0,0,-9.10E-04
1565839023642,-11.056,0.136,919.843,-5.00E-04,1,-4.00E-04,0.0017,74.88,7.10E-04,0,0,TRUE,0,0,0,-8.27E-04
1565839023811,-11.058,0.136,920.674,-5.00E-04,1,-4.00E-04,0.0015,74.78,3.10E-04,0,0,TRUE,0,0,0,-3.96E-04
1565839023926,-11.061,0.136,921.504,-5.00E-04,1,-4.00E-04,0.0015,74.68,3.00E-04,0,0,TRUE,0,0,0,-8.73E-04
1565839024038,-11.063,0.136,922.333,-4.00E-04,1,-4.00E-04,0.0014,74.58,3.00E-04,0,0,TRUE,0,0,0,-5.98E-04
1565839024153,-11.065,0.136,923.161,-4.00E-04,1,-4.00E-04,0.0014,74.47,3.00E-04,0,0,TRUE,0,0,0,-6.42E-04
1565839024264,-11.067,0.136,923.988,-4.00E-04,1,-4.00E-04,0.0013,74.37,3.00E-04,0,0,TRUE,0,0,0,-6.05E-04
1565839024382,-11.069,0.136,924.814,-4.00E-04,1,-4.00E-04,0.0012,74.27,3.00E-04,0,0,TRUE,0,0,0,-5.70E-04
1565839024495,-11.071,0.136,925.638,-4.00E-04,1,-4.00E-04,0.0012,74.17,3.00E-04,0,0,TRUE,0,0,0,-5.97E-04
1565839024607,-11.073,0.136,926.462,-4.00E-04,1,-4.00E-04,0.0011,74.07,3.00E-04,0,0,TRUE,0,0,0,-6.02E-04
1565839024719,-11.075,0.136,927.284,-4.00E-04,1,-4.00E-04,0.0011,73.97,3.00E-04,0,0,TRUE,0,0,0,-6.03E-04
1565839024831,-11.076,0.136,928.106,-4.00E-04,1,-4.00E-04,0.001,73.87,3.00E-04,0,0,TRUE,0,0,0,-3.02E-04
1565839024978,-11.078,0.136,928.926,-4.00E-04,1,-4.00E-04,0.001,73.77,8.00E-05,0,0,TRUE,0,0,0,-4.61E-04
1565839025130,-11.08,0.136,929.745,-4.00E-04,1,-4.00E-04,0.001,73.67,-1.70E-04,0,0,TRUE,0,0,0,-4.46E-04
1565839025259,-11.081,0.136,930.562,-4.00E-04,1,-4.00E-04,0.001,73.57,-1.70E-04,0.063492805,0,TRUE,0,0,0,-2.64E-04
1565839025402,-11.083,0.136,931.379,-4.00E-04,1,-4.00E-04,0.001,73.47,-1.70E-04,0.14285499,0,TRUE,0,0,0,-4.75E-04
1565839025533,-11.085,0.136,932.195,-4.00E-04,1,-4.00E-04,0.001,73.36,-1.70E-04,0.19047838,0,TRUE,0,0,0,-5.72E-04
1565839025667,-11.086,0.136,933.009,-4.00E-04,1,-4.00E-04,0.001,73.26,-1.70E-04,0.23808652,0,TRUE,0,0,0,-2.55E-04
1565839025788,-11.088,0.136,933.823,-4.00E-04,1,-5.00E-04,0.001,73.21,-1.70E-04,0.25397116,0,TRUE,0,0,0,-2.82E-04
1565839025904,-11.09,0.136,934.636,-4.00E-04,1,-5.00E-04,0.0011,73.18,-1.70E-04,0.2658732,0,TRUE,0,0,0,-1.77E-04
1565839026021,-11.091,0.136,935.449,-4.00E-04,1,-5.00E-04,0.0011,73.15,-1.70E-04,0.27777523,0,TRUE,0,0,0,-8.76E-05
1565839026149,-11.093,0.136,936.262,-4.00E-04,1,-5.00E-04,0.0011,73.13,-1.70E-04,0.28570992,0,TRUE,0,0,0,-1.07E-04
1565839026270,-11.095,0.136,937.075,-4.00E-04,1,-5.00E-04,0.0011,73.12,-1.70E-04,0.2936446,0,TRUE,0,0,0,-5.64E-05
1565839026385,-11.097,0.136,937.887,-4.00E-04,1,-5.00E-04,0.0012,73.11,-1.70E-04,0.28570992,0,TRUE,0,0,0,-5.95E-05
1565839026520,-11.099,0.136,938.699,-4.00E-04,1,-5.00E-04,0.0012,73.1,-1.70E-04,0.23808652,0,TRUE,0,0,0,-5.07E-05
1565839026686,-11.101,0.136,939.511,-4.00E-04,1,-5.00E-04,0.0012,73.06,-1.70E-04,0,0,TRUE,0,0,0,-1.65E-04
1565839026801,-11.103,0.136,940.323,-4.00E-04,1,-5.00E-04,0.0012,72.98,-1.70E-04,0,0,TRUE,0,0,0,-4.76E-04
1565839026915,-11.105,0.136,941.133,-4.00E-04,1,-5.00E-04,0.0013,72.88,-1.70E-04,0,0,TRUE,0,0,0,-6.02E-04
1565839027025,-11.107,0.136,941.942,-4.00E-04,1,-4.00E-04,0.0013,72.78,-1.70E-04,0,0,TRUE,0,0,0,-6.25E-04
1565839027136,-11.109,0.136,942.75,-4.00E-04,1,-4.00E-04,0.0013,72.68,-1.70E-04,0,0,TRUE,0,0,0,-6.19E-04
1565839027247,-11.112,0.136,943.557,-4.00E-04,1,-4.00E-04,0.0013,72.57,-1.70E-04,0,0,TRUE,0,0,0,-0.001023407
1565839027359,-11.114,0.136,944.363,-4.00E-04,1,-4.00E-04,0.0013,72.47,-1.70E-04,0,0,TRUE,0,0,0,-6.15E-04
1565839027473,-11.116,0.136,945.167,-4.00E-04,1,-4.00E-04,0.0014,72.37,-1.70E-04,0,0,TRUE,0,0,0,-6.06E-04
1565839027589,-11.118,0.136,945.971,-4.00E-04,1,-4.00E-04,0.0014,72.27,-1.70E-04,0,0,TRUE,0,0,0,-5.96E-04
1565839027702,-11.12,0.136,946.773,-4.00E-04,1,-4.00E-04,0.0014,72.17,-1.70E-04,0,0,TRUE,0,0,0,-6.13E-04
1565839027811,-11.123,0.136,947.574,-4.00E-04,1,-4.00E-04,0.0014,72.07,-1.70E-04,0,0,TRUE,0,0,0,-9.55E-04
1565839027923,-11.125,0.136,948.374,-4.00E-04,1,-4.00E-04,0.0014,71.97,-1.70E-04,0,0,TRUE,0,0,0,-6.20E-04
1565839028033,-11.127,0.136,949.173,-4.00E-04,1,-4.00E-04,0.0015,71.87,-1.70E-04,0,0,TRUE,0,0,0,-6.32E-04
1565839028144,-11.13,0.136,949.971,-4.00E-04,1,-4.00E-04,0.0015,71.77,-1.70E-04,0,0,TRUE,0,0,0,-9.41E-04
1565839028260,-11.132,0.136,950.768,-4.00E-04,1,-4.00E-04,0.0015,71.67,-1.70E-04,0,0,TRUE,0,0,0,-6.01E-04
1565839028371,-11.135,0.136,951.564,-4.00E-04,1,-4.00E-04,0.0015,71.57,-1.70E-04,0,0,TRUE,0,0,0,-9.43E-04
1565839028482,-11.137,0.136,952.358,-4.00E-04,1,-4.00E-04,0.0016,71.47,-1.70E-04,0,0,TRUE,0,0,0,-6.30E-04
1565839028594,-11.14,0.136,953.152,-4.00E-04,1,-4.00E-04,0.0016,71.36,-1.70E-04,0,0,TRUE,0,0,0,-0.001030876
1565839028704,-11.142,0.136,953.944,-4.00E-04,1,-4.00E-04,0.0016,71.26,-1.70E-04,0,0,TRUE,0,0,0,-6.38E-04
1565839028817,-11.145,0.136,954.735,-4.00E-04,1,-4.00E-04,0.0016,71.16,-1.70E-04,0,0,TRUE,0,0,0,-9.32E-04
1565839028931,-11.148,0.136,955.525,-4.00E-04,1,-4.00E-04,0.0016,71.06,-1.70E-04,0,0,TRUE,0,0,0,-9.25E-04
1565839029043,-11.15,0.136,956.314,-4.00E-04,1,-4.00E-04,0.0017,70.96,-1.70E-04,0,0,TRUE,0,0,0,-6.29E-04
1565839029156,-11.153,0.136,957.102,-4.00E-04,1,-4.00E-04,0.0017,70.86,-1.70E-04,0,0,TRUE,0,0,0,-9.36E-04
1565839029270,-11.156,0.136,957.889,-4.00E-04,1,-4.00E-04,0.0017,70.76,-1.70E-04,0,0,TRUE,0,0,0,-9.29E-04
1565839029381,-11.158,0.136,958.674,-4.00E-04,1,-4.00E-04,0.0017,70.66,-1.70E-04,0,0,TRUE,0,0,0,-6.37E-04
1565839029490,-11.161,0.136,959.459,-4.00E-04,1,-4.00E-04,0.0017,70.56,-1.70E-04,0,0,TRUE,0,0,0,-9.74E-04
1565839029605,-11.164,0.136,960.242,-4.00E-04,1,-4.00E-04,0.0018,70.46,-1.70E-04,0,0,TRUE,0,0,0,-9.25E-04
1565839029716,-11.167,0.136,961.024,-4.00E-04,1,-4.00E-04,0.0018,70.36,-1.70E-04,0,0,TRUE,0,0,0,-9.60E-04
1565839029827,-11.169,0.136,961.805,-4.00E-04,1,-4.00E-04,0.0018,70.26,-1.70E-04,0,0,TRUE,0,0,0,-6.41E-04
1565839029937,-11.172,0.136,962.585,-4.00E-04,1,-4.00E-04,0.0018,70.16,-1.70E-04,0,0,TRUE,0,0,0,-9.71E-04
1565839030047,-11.175,0.136,963.364,-4.00E-04,1,-4.00E-04,0.0018,70.06,-1.70E-04,0,0,TRUE,0,0,0,-9.73E-04
1565839030163,-11.178,0.136,964.142,-4.00E-04,1,-4.00E-04,0.0019,69.95,-1.70E-04,0,0,TRUE,0,0,0,-0.001015786
1565839030272,-11.181,0.136,964.918,-4.00E-04,1,-4.00E-04,0.0019,69.85,-1.70E-04,0,0,TRUE,0,0,0,-9.85E-04
1565839030384,-11.184,0.136,965.694,-4.00E-04,1,-4.00E-04,0.0019,69.75,-1.70E-04,0,0,TRUE,0,0,0,-9.59E-04
1565839030494,-11.187,0.136,966.468,-4.00E-04,1,-4.00E-04,0.0019,69.65,-1.70E-04,0,0,TRUE,0,0,0,-9.79E-04
1565839030605,-11.19,0.136,967.242,-4.00E-04,1,-4.00E-04,0.0019,69.55,-1.70E-04,0,0,TRUE,0,0,0,-9.70E-04
1565839030716,-11.193,0.136,968.014,-4.00E-04,1,-4.00E-04,0.002,69.45,-1.70E-04,0,0,TRUE,0,0,0,-9.73E-04
1565839030830,-11.196,0.136,968.785,-4.00E-04,1,-4.00E-04,0.002,69.35,-1.70E-04,0,0,TRUE,0,0,0,-9.48E-04
1565839030941,-11.199,0.136,969.555,-4.00E-04,1,-4.00E-04,0.002,69.25,-1.70E-04,0,0,TRUE,0,0,0,-9.75E-04
1565839031058,-11.202,0.136,970.323,-4.00E-04,1,-4.00E-04,0.002,69.15,-1.70E-04,0,0,TRUE,0,0,0,-9.27E-04
1565839031168,-11.206,0.136,971.091,-4.00E-04,1,-4.00E-04,0.002,69.05,-1.70E-04,0,0,TRUE,0,0,0,-0.001315407
1565839031280,-11.209,0.136,971.858,-4.00E-04,1,-4.00E-04,0.0021,68.95,-1.70E-04,0,0,TRUE,0,0,0,-9.70E-04
1565839031396,-11.212,0.136,972.623,-4.00E-04,1,-4.00E-04,0.0021,68.85,-1.70E-04,0,0,TRUE,0,0,0,-9.39E-04
1565839031511,-11.215,0.136,973.387,-4.00E-04,1,-4.00E-04,0.0021,68.75,-1.70E-04,0,0,TRUE,0,0,0,-9.48E-04
1565839031624,-11.219,0.136,974.151,-4.00E-04,1,-4.00E-04,0.0021,68.64,-1.70E-04,0,0,TRUE,0,0,0,-0.001415652
1565839031733,-11.222,0.136,974.913,-4.00E-04,1,-4.00E-04,0.0021,68.54,-1.70E-04,0,0,TRUE,0,0,0,-0.001003347
1565839031843,-11.225,0.136,975.674,-4.00E-04,1,-4.00E-04,0.0022,68.44,-1.70E-04,0,0,TRUE,0,0,0,-9.96E-04
1565839031963,-11.228,0.136,976.433,-4.00E-04,1,-4.00E-04,0.0022,68.34,-1.70E-04,0,0,TRUE,0,0,0,-9.15E-04
1565839032074,-11.232,0.136,977.192,-4.00E-04,1,-4.00E-04,0.0022,68.24,-1.70E-04,0,0,TRUE,0,0,0,-0.001318965
1565839032189,-11.235,0.136,977.95,-4.00E-04,1,-4.00E-04,0.0022,68.14,-1.70E-04,0,0,TRUE,0,0,0,-9.56E-04
1565839032300,-11.239,0.136,978.706,-4.00E-04,1,-4.00E-04,0.0022,68.04,-1.70E-04,0,0,TRUE,0,0,0,-0.001324289
1565839032411,-11.242,0.136,979.462,-4.00E-04,1,-4.00E-04,0.0023,67.94,-1.70E-04,0,0,TRUE,0,0,0,-9.93E-04
1565839032530,-11.246,0.136,980.216,-4.00E-04,1,-4.00E-04,0.0023,67.84,-1.70E-04,0,0,TRUE,0,0,0,-0.001238555
1565839032644,-11.249,0.136,980.969,-4.00E-04,1,-4.00E-04,0.0023,67.74,-1.70E-04,0,0,TRUE,0,0,0,-9.71E-04
1565839032757,-11.253,0.136,981.721,-4.00E-04,1,-4.00E-04,0.0023,67.64,-1.70E-04,0,0,TRUE,0,0,0,-0.001307713
1565839032870,-11.256,0.136,982.472,-4.00E-04,1,-4.00E-04,0.0023,67.54,-1.70E-04,0,0,TRUE,0,0,0,-9.82E-04
1565839032982,-11.26,0.136,983.222,-4.00E-04,1,-4.00E-04,0.0024,67.44,-1.70E-04,0,0,TRUE,0,0,0,-0.001322932
1565839033096,-11.263,0.136,983.97,-4.00E-04,1,-4.00E-04,0.0024,67.34,-1.70E-04,0,0,TRUE,0,0,0,-9.77E-04
1565839033208,-11.267,0.136,984.718,-4.00E-04,1,-4.00E-04,0.0024,67.23,-1.70E-04,0,0,TRUE,0,0,0,-0.001458954
1565839033321,-11.27,0.136,985.464,-4.00E-04,1,-4.00E-04,0.0024,67.13,-1.70E-04,0,0,TRUE,0,0,0,-9.89E-04
1565839033434,-11.274,0.136,986.209,-4.00E-04,1,-4.00E-04,0.0024,67.03,-1.70E-04,0,0,TRUE,0,0,0,-0.001319718
1565839033551,-11.278,0.136,986.954,-4.00E-04,1,-4.00E-04,0.0025,66.93,-1.70E-04,0,0,TRUE,0,0,0,-0.0012746
1565839033661,-11.281,0.136,987.697,-4.00E-04,1,-4.00E-04,0.0025,66.83,-1.70E-04,0,0,TRUE,0,0,0,-0.001019624
1565839033772,-11.285,0.136,988.439,-4.00E-04,1,-4.00E-04,0.0025,66.73,-1.70E-04,0,0,TRUE,0,0,0,-0.001348912
1565839033881,-11.289,0.136,989.179,-4.00E-04,1,-4.00E-04,0.0025,66.63,-1.70E-04,0,0,TRUE,0,0,0,-0.001377507
1565839033991,-11.293,0.136,989.919,-4.00E-04,1,-4.00E-04,0.0025,66.53,-1.70E-04,0,0,TRUE,0,0,0,-0.001365205
1565839034107,-11.297,0.136,990.658,-4.00E-04,1,-4.00E-04,0.0025,66.43,-1.70E-04,0,0,TRUE,0,0,0,-0.001295993
1565839034221,-11.3,0.136,991.395,-4.00E-04,1,-4.00E-04,0.0026,66.33,-1.70E-04,0,0,TRUE,0,0,0,-9.92E-04
1565839034331,-11.304,0.136,992.131,-4.00E-04,1,-4.00E-04,0.0026,66.23,-1.70E-04,0,0,TRUE,0,0,0,-0.00137235
1565839034442,-11.308,0.136,992.867,-4.00E-04,1,-4.00E-04,0.0026,66.13,-1.70E-04,0,0,TRUE,0,0,0,-0.001359978
1565839034555,-11.312,0.136,993.601,-4.00E-04,1,-4.00E-04,0.0026,66.03,-1.70E-04,0,0,TRUE,0,0,0,-0.00133979
1565839034663,-11.316,0.136,994.334,-4.00E-04,1,-4.00E-04,0.0026,65.93,-1.70E-04,0,0,TRUE,0,0,0,-0.001403467
1565839034774,-11.32,0.136,995.065,-4.00E-04,1,-4.00E-04,0.0027,65.82,-1.70E-04,0,0,TRUE,0,0,0,-0.001506134
1565839034886,-11.324,0.136,995.796,-4.00E-04,1,-4.00E-04,0.0027,65.72,-1.70E-04,0,0,TRUE,0,0,0,-0.001357283
1565839034997,-11.328,0.136,996.526,-4.00E-04,1,-4.00E-04,0.0027,65.62,-1.70E-04,0,0,TRUE,0,0,0,-0.00137113
1565839035112,-11.332,0.136,997.254,-4.00E-04,1,-4.00E-04,0.0027,65.52,-1.70E-04,0,0,TRUE,0,0,0,-0.00132709
1565839035222,-11.336,0.136,997.982,-4.00E-04,1,-4.00E-04,0.0027,65.42,-1.70E-04,0,0,TRUE,0,0,0,-0.001387754
1565839035334,-11.34,0.136,998.708,-4.00E-04,1,-4.00E-04,0.0028,65.32,-1.70E-04,0,0,TRUE,0,0,0,-0.001366313
1565839035446,-11.344,0.136,999.433,-4.00E-04,1,-4.00E-04,0.0028,65.22,-1.70E-04,0,0,TRUE,0,0,0,-0.001368269
1565839035565,-11.348,0.136,1000.157,-4.00E-04,1,-4.00E-04,0.0028,65.12,-1.70E-04,0,0,TRUE,0,0,0,-0.001289519
1565839035680,-11.352,0.136,1000.88,-4.00E-04,1,-4.00E-04,0.0028,65.02,-1.70E-04,0,0,TRUE,0,0,0,-0.001336595
1565839035793,-11.356,0.136,1001.602,-4.00E-04,1,-4.00E-04,0.0028,64.92,-1.70E-04,0,0,TRUE,0,0,0,-0.001361778
1565839035906,-11.36,0.136,1002.322,-4.00E-04,1,-4.00E-04,0.0028,64.82,-1.70E-04,0,0,TRUE,0,0,0,-0.001365471
1565839036019,-11.364,0.136,1003.042,-4.00E-04,1,-4.00E-04,0.0029,64.72,-1.70E-04,0,0,TRUE,0,0,0,-0.001365913
1565839036130,-11.368,0.136,1003.76,-4.00E-04,1,-4.00E-04,0.0029,64.62,-1.70E-04,0,0,TRUE,0,0,0,-0.001393974
1565839036240,-11.373,0.136,1004.478,-4.00E-04,1,-4.00E-04,0.0029,64.51,-1.70E-04,0,0,TRUE,0,0,0,-0.001934347
1565839036351,-11.377,0.136,1005.194,-4.00E-04,1,-4.00E-04,0.0029,64.41,-1.70E-04,0,0,TRUE,0,0,0,-0.001398014
1565839036466,-11.381,0.136,1005.909,-4.00E-04,1,-4.00E-04,0.0029,64.31,-1.70E-04,0,0,TRUE,0,0,0,-0.001351218
1565839036578,-11.385,0.136,1006.623,-4.00E-04,1,-4.00E-04,0.003,64.21,-1.70E-04,0,0,TRUE,0,0,0,-0.001389653
1565839036689,-11.39,0.136,1007.336,-4.00E-04,1,-4.00E-04,0.003,64.11,-1.70E-04,0,0,TRUE,0,0,0,-0.00175485
1565839036808,-11.394,0.136,1008.047,-4.00E-04,1,-4.00E-04,0.003,64.01,-1.70E-04,0,0,TRUE,0,0,0,-0.001313097
1565839036935,-11.398,0.136,1008.758,-4.00E-04,1,-4.00E-04,0.003,63.91,-1.70E-04,0,0,TRUE,0,0,0,-0.001230429
1565839037068,-11.403,0.136,1009.467,-4.00E-04,1,-4.00E-04,0.003,63.81,-1.70E-04,0,0.09126419,TRUE,0,0,0,-0.001472895
1565839037202,-11.407,0.136,1010.175,-4.00E-04,1,-4.00E-04,0.003,63.56,-1.70E-04,0,0.13888764,TRUE,0,0,0,-0.00292763
1565839037346,-11.411,0.136,1010.879,-4.00E-04,1,-3.00E-04,0.0031,63.18,-1.70E-04,0,0.20238042,TRUE,0,0,0,-0.004165309
1565839037499,-11.416,0.136,1011.577,-4.00E-04,1,-3.00E-04,0.0031,62.67,-1.70E-04,0,0.3015793,TRUE,0,0,0,-0.006632736
1565839037619,-11.42,0.136,1012.269,-4.00E-04,1,-2.00E-04,0.0031,61.96,-1.70E-04,0,0.30554664,TRUE,0,0,0,-0.009499858
1565839037760,-11.424,0.136,1012.952,-4.00E-04,1,-1.00E-04,0.003,61.19,-1.70E-04,0,0.23808652,TRUE,0,0,0,-0.008882629
1565839037912,-11.428,0.136,1013.627,-4.00E-04,1,-1.00E-04,0.003,60.53,-1.70E-04,0,0.14285499,TRUE,0,0,0,-0.007148686
1565839038050,-11.432,0.136,1014.296,-4.00E-04,1,-2.00E-04,0.003,60.07,-1.70E-04,0,0.087296814,TRUE,0,0,0,-0.005535616
1565839038192,-11.436,0.136,1014.962,-4.00E-04,1,-3.00E-04,0.003,59.75,-1.70E-04,0,0,TRUE,0,0,0,-0.003759541
1565839038305,-11.44,0.136,1015.624,-4.00E-04,1,-4.00E-04,0.0031,59.6,-1.70E-04,0,0,TRUE,0,0,0,-0.002227643
1565839038421,-11.445,0.136,1016.286,-4.00E-04,1,-4.00E-04,0.0031,59.5,-1.70E-04,0,0,TRUE,0,0,0,-0.001808634
1565839038534,-11.449,0.136,1016.946,-4.00E-04,1,-5.00E-04,0.0031,59.4,-1.70E-04,0,0,TRUE,0,0,0,-0.001490082
1565839038643,-11.453,0.136,1017.605,-4.00E-04,1,-5.00E-04,0.0031,59.29,-1.70E-04,0,0,TRUE,0,0,0,-0.001701388
1565839038753,-11.457,0.136,1018.264,-4.00E-04,1,-5.00E-04,0.0031,59.19,-1.70E-04,0,0,TRUE,0,0,0,-0.001532682
1565839038863,-11.461,0.136,1018.921,-4.00E-04,1,-4.00E-04,0.0031,59.09,-1.70E-04,0,0,TRUE,0,0,0,-0.001537546
1565839038975,-11.465,0.136,1019.577,-4.00E-04,1,-4.00E-04,0.0032,58.99,-1.70E-04,0,0,TRUE,0,0,0,-0.001512118
1565839039089,-11.469,0.136,1020.231,-4.00E-04,1,-4.00E-04,0.0032,58.89,-1.70E-04,0,0,TRUE,0,0,0,-0.001490221
1565839039198,-11.474,0.136,1020.885,-4.00E-04,1,-4.00E-04,0.0032,58.79,-1.70E-04,0,0,TRUE,0,0,0,-0.001948316
1565839039308,-11.478,0.136,1021.538,-4.00E-04,1,-4.00E-04,0.0032,58.69,-1.70E-04,0,0,TRUE,0,0,0,-0.001546721
1565839039420,-11.482,0.136,1022.189,-4.00E-04,1,-4.00E-04,0.0032,58.59,-1.70E-04,0,0,TRUE,0,0,0,-0.001524106
1565839039530,-11.486,0.136,1022.839,-4.00E-04,1,-4.00E-04,0.0032,58.49,-1.70E-04,0,0,TRUE,0,0,0,-0.001553923
1565839039642,-11.49,0.136,1023.489,-4.00E-04,1,-4.00E-04,0.0032,58.39,-1.70E-04,0,0,TRUE,0,0,0,-0.00152609
1565839039757,-11.495,0.136,1024.137,-4.00E-04,1,-4.00E-04,0.0033,58.29,-1.70E-04,0,0,TRUE,0,0,0,-0.001863885
1565839039870,-11.499,0.136,1024.784,-4.00E-04,1,-4.00E-04,0.0033,58.19,-1.70E-04,0,0,TRUE,0,0,0,-0.001519432
1565839040017,-11.503,0.136,1025.429,-4.00E-04,1,-4.00E-04,0.0033,58.09,1.40E-04,0,0,TRUE,0,0,0,-0.001172213
1565839040181,-11.508,0.136,1026.074,-4.00E-04,1,-4.00E-04,0.0033,57.98,0.00238,0,0,TRUE,0,0,0,-0.001444251
1565839040350,-11.511,0.136,1026.718,-5.00E-04,1,-4.00E-04,0.0032,57.88,0.00504,0,0,TRUE,0,0,0,-7.65E-04
1565839040513,-11.515,0.136,1027.36,-6.00E-04,1,-4.00E-04,0.0027,57.78,0.00698,0,0,TRUE,0,0,0,-0.001062014
1565839040682,-11.516,0.136,1028.002,-7.00E-04,1,-4.00E-04,0.002,57.68,0.00854,0,0,TRUE,0,0,0,-2.56E-04
1565839040848,-11.517,0.136,1028.642,-7.00E-04,1,-4.00E-04,0.0011,57.58,0.00974,0,0,TRUE,0,0,0,-2.62E-04
1565839041020,-11.516,0.136,1029.281,-8.00E-04,1,-4.00E-04,0,57.48,0.00809,0,0,TRUE,0,0,0,-2.53E-04
1565839041186,-11.513,0.136,1029.919,-7.00E-04,1,-4.00E-04,-0.0011,57.38,0.00641,0,0,TRUE,0,0,0,-7.87E-04
1565839041350,-11.509,0.136,1030.556,-6.00E-04,1,-4.00E-04,-0.002,57.28,0.00468,0,0,TRUE,0,0,0,-0.001063374
1565839041517,-11.505,0.136,1031.192,-6.00E-04,1,-4.00E-04,-0.0027,57.18,0.00242,0,0,TRUE,0,0,0,-0.001046036
1565839041683,-11.501,0.136,1031.826,-5.00E-04,1,-4.00E-04,-0.0031,57.08,8.40E-04,0,0,TRUE,0,0,0,-0.001055579
1565839041847,-11.496,0.136,1032.46,-4.00E-04,1,-4.00E-04,-0.0033,56.98,-3.30E-04,0,0,TRUE,0,0,0,-0.001335985
1565839041987,-11.492,0.136,1033.092,-4.00E-04,1,-4.00E-04,-0.0034,56.87,-2.10E-04,0,0,TRUE,0,0,0,-0.001381389
1565839042152,-11.488,0.136,1033.724,-4.00E-04,1,-4.00E-04,-0.0034,56.77,0.00115,0,0,TRUE,0,0,0,-0.001065463
1565839042297,-11.483,0.136,1034.354,-4.00E-04,1,-4.00E-04,-0.0034,56.67,0.00119,0,0,TRUE,0,0,0,-0.001520414
1565839042464,-11.479,0.136,1034.983,-5.00E-04,1,-4.00E-04,-0.0036,56.57,7.10E-04,0,0,TRUE,0,0,0,-0.001057606
1565839042579,-11.474,0.136,1035.611,-5.00E-04,1,-4.00E-04,-0.0037,56.47,7.00E-04,0,0,TRUE,0,0,0,-0.001923305
1565839042689,-11.469,0.136,1036.238,-5.00E-04,1,-4.00E-04,-0.0038,56.37,7.00E-04,0,0,TRUE,0,0,0,-0.002013545
1565839042798,-11.464,0.136,1036.863,-4.00E-04,1,-4.00E-04,-0.0039,56.27,7.00E-04,0,0,TRUE,0,0,0,-0.002038686
1565839042938,-11.459,0.136,1037.488,-4.00E-04,1,-4.00E-04,-0.0039,56.17,5.20E-04,0,0,TRUE,0,0,0,-0.001587324
1565839043102,-11.454,0.136,1038.111,-4.00E-04,1,-4.00E-04,-0.004,56.07,-4.60E-04,0,0,TRUE,0,0,0,-0.001359235
1565839043219,-11.449,0.136,1038.734,-4.00E-04,1,-4.00E-04,-0.004,55.97,-4.70E-04,0,0,TRUE,0,0,0,-0.001905242
1565839043397,-11.444,0.136,1039.355,-4.00E-04,1,-4.00E-04,-0.004,55.87,-0.00117,0,0,TRUE,0,0,0,-0.001256555
1565839043562,-11.439,0.136,1039.975,-4.00E-04,1,-4.00E-04,-0.0039,55.77,-0.00276,0,0,TRUE,0,0,0,-0.00135764
1565839043714,-11.435,0.136,1040.594,-4.00E-04,1,-4.00E-04,-0.0037,55.67,-0.00302,0,0,TRUE,0,0,0,-0.001180809
1565839043862,-11.431,0.136,1041.212,-3.00E-04,1,-4.00E-04,-0.0034,55.56,-0.00328,0,0,TRUE,0,0,0,-0.001336352
1565839044027,-11.428,0.136,1041.828,-3.00E-04,1,-4.00E-04,-0.003,55.46,-0.00232,0,0,TRUE,0,0,0,-8.20E-04
1565839044189,-11.425,0.136,1042.444,-3.00E-04,1,-4.00E-04,-0.0027,55.36,-7.30E-04,0,0,TRUE,0,0,0,-8.35E-04
1565839044365,-11.422,0.136,1043.059,-4.00E-04,1,-4.00E-04,-0.0025,55.26,-0.00133,0,0,TRUE,0,0,0,-7.70E-04
1565839044526,-11.42,0.136,1043.672,-4.00E-04,1,-4.00E-04,-0.0024,55.16,-0.002,0,0,TRUE,0,0,0,-5.63E-04
1565839044653,-11.417,0.136,1044.284,-4.00E-04,1,-4.00E-04,-0.0022,55.06,-0.00193,0,0,TRUE,0,0,0,-0.001072127
1565839044822,-11.415,0.136,1044.895,-4.00E-04,1,-4.00E-04,-0.002,54.96,-9.40E-04,0,0,TRUE,0,0,0,-5.38E-04
1565839044984,-11.413,0.136,1045.505,-4.00E-04,1,-4.00E-04,-0.0018,54.86,-1.00E-05,0,0,TRUE,0,0,0,-5.62E-04
1565839045095,-11.411,0.136,1046.114,-4.00E-04,1,-4.00E-04,-0.0017,54.76,-1.00E-05,0,0,TRUE,0,0,0,-8.22E-04
1565839045234,-11.409,0.136,1046.722,-4.00E-04,1,-4.00E-04,-0.0017,54.66,-1.90E-04,0,0,TRUE,0,0,0,-6.57E-04
1565839045349,-11.407,0.136,1047.329,-4.00E-04,1,-4.00E-04,-0.0017,54.56,-1.90E-04,0,0,TRUE,0,0,0,-7.96E-04
1565839045462,-11.405,0.136,1047.934,-4.00E-04,1,-4.00E-04,-0.0017,54.46,-1.90E-04,0,0,TRUE,0,0,0,-8.13E-04
1565839045574,-11.403,0.136,1048.538,-4.00E-04,1,-4.00E-04,-0.0017,54.35,-1.90E-04,0,0,TRUE,0,0,0,-9.03E-04
1565839045685,-11.401,0.136,1049.142,-4.00E-04,1,-4.00E-04,-0.0017,54.25,-1.90E-04,0,0,TRUE,0,0,0,-8.29E-04
1565839045795,-11.399,0.136,1049.744,-4.00E-04,1,-4.00E-04,-0.0017,54.15,-1.90E-04,0,0,TRUE,0,0,0,-8.39E-04
1565839045911,-11.397,0.136,1050.345,-4.00E-04,1,-4.00E-04,-0.0016,54.05,-1.90E-04,0,0,TRUE,0,0,0,-7.97E-04
1565839046027,-11.395,0.136,1050.945,-4.00E-04,1,-4.00E-04,-0.0016,53.95,-1.90E-04,0,0,TRUE,0,0,0,-7.98E-04
1565839046145,-11.393,0.136,1051.544,-4.00E-04,1,-4.00E-04,-0.0016,53.85,-1.90E-04,0,0,TRUE,0,0,0,-7.86E-04
1565839046262,-11.391,0.136,1052.142,-4.00E-04,1,-4.00E-04,-0.0016,53.75,-1.90E-04,0,0,TRUE,0,0,0,-7.94E-04
1565839046373,-11.389,0.136,1052.738,-4.00E-04,1,-4.00E-04,-0.0016,53.65,-1.90E-04,0,0,TRUE,0,0,0,-8.40E-04
1565839046484,-11.388,0.136,1053.334,-4.00E-04,1,-4.00E-04,-0.0016,53.55,-1.90E-04,0,0,TRUE,0,0,0,-4.20E-04
1565839046594,-11.386,0.136,1053.928,-4.00E-04,1,-4.00E-04,-0.0015,53.45,-1.90E-04,0,0,TRUE,0,0,0,-8.50E-04
1565839046768,-11.384,0.136,1054.521,-4.00E-04,1,-4.00E-04,-0.0015,53.35,-0.00133,0,0,TRUE,0,0,0,-5.38E-04
1565839046935,-11.382,0.136,1055.113,-4.00E-04,1,-4.00E-04,-0.0014,53.25,-0.00507,0,0,TRUE,0,0,0,-5.62E-04
1565839047104,-11.381,0.136,1055.704,-3.00E-04,1,-4.00E-04,-0.0011,53.14,-0.00915,0,0,TRUE,0,0,0,-3.06E-04
1565839047276,-11.382,0.136,1056.294,-2.00E-04,1,-4.00E-04,-4.00E-04,53.04,-0.014,0,0,TRUE,0,0,0,-2.74E-04
1565839047448,-11.384,0.136,1056.883,0,1,-4.00E-04,9.00E-04,52.94,-0.01565,0,0,TRUE,0,0,0,-5.48E-04
1565839047574,-11.389,0.136,1057.47,0,1,-4.00E-04,0.0025,52.84,-0.01574,0,0,TRUE,0,0,0,-0.001878062
1565839047742,-11.396,0.136,1058.057,0,1,-4.00E-04,0.0042,52.74,-0.01772,0,0,TRUE,0,0,0,-0.001971433
1565839047904,-11.406,0.136,1058.642,0,1,-4.00E-04,0.006,52.64,-0.0199,0,0,TRUE,0,0,0,-0.002930975
1565839048018,-11.418,0.136,1059.226,1.00E-04,1,-4.00E-04,0.0081,52.53,-0.01994,0,0,TRUE,0,0,0,-0.005506545
1565839048137,-11.432,0.136,1059.809,1.00E-04,0.9999,-4.00E-04,0.0103,52.43,-0.01991,0,0,TRUE,0,0,0,-0.005603644
1565839048252,-11.45,0.136,1060.39,1.00E-04,0.9999,-4.00E-04,0.0125,52.33,-0.01989,0,0,TRUE,0,0,0,-0.007478798
1565839048398,-11.469,0.136,1060.971,1.00E-04,0.9999,-4.00E-04,0.0146,52.23,-0.0196,0,0,TRUE,0,0,0,-0.006219444
1565839048533,-11.492,0.136,1061.55,1.00E-04,0.9999,-4.00E-04,0.0168,52.13,-0.01942,0,0,TRUE,0,0,0,-0.008165513
1565839048647,-11.516,0.136,1062.128,1.00E-04,0.9998,-4.00E-04,0.019,52.03,-0.01942,0,0,TRUE,0,0,0,-0.010109107
1565839048763,-11.543,0.136,1062.705,1.00E-04,0.9998,-4.00E-04,0.0211,51.93,-0.0194,0,0,TRUE,0,0,0,-0.011195014
1565839048925,-11.573,0.136,1063.281,1.00E-04,0.9997,-4.00E-04,0.0232,51.83,-0.01847,0,0,TRUE,0,0,0,-0.00891754
1565839049097,-11.604,0.136,1063.855,1.00E-04,0.9997,-4.00E-04,0.0252,51.72,-0.01663,0,0,TRUE,0,0,0,-0.009580818
1565839049258,-11.638,0.136,1064.428,0,0.9996,-4.00E-04,0.0272,51.62,-0.01613,0,0,TRUE,0,0,0,-0.010219674
1565839049366,-11.673,0.136,1065,0,0.9996,-4.00E-04,0.029,51.52,-0.01613,0,0,TRUE,0,0,0,-0.015708016
1565839049476,-11.711,0.136,1065.571,0,0.9995,-4.00E-04,0.0307,51.42,-0.01613,0,0,TRUE,0,0,0,-0.016767561
1565839049586,-11.75,0.136,1066.14,0,0.9995,-4.00E-04,0.0324,51.32,-0.01613,0,0,TRUE,0,0,0,-0.017268352
1565839049701,-11.791,0.136,1066.708,0,0.9994,-4.00E-04,0.0342,51.22,-0.01613,0,0,TRUE,0,0,0,-0.017390385
1565839049864,-11.834,0.136,1067.275,0,0.9994,-4.00E-04,0.0359,51.12,-0.01547,0,0,TRUE,0,0,0,-0.012886648
1565839050032,-11.879,0.136,1067.84,0,0.9993,-4.00E-04,0.0376,51.02,-0.0122,0,0,TRUE,0,0,0,-0.013128588
1565839050204,-11.925,0.136,1068.405,-1.00E-04,0.9992,-5.00E-04,0.0391,50.92,-0.00919,0,0,TRUE,0,0,0,-0.013104177
1565839050372,-11.972,0.136,1068.968,-2.00E-04,0.9992,-5.00E-04,0.0403,50.82,-0.00759,0,0,TRUE,0,0,0,-0.01375534
1565839050540,-12.02,0.136,1069.53,-3.00E-04,0.9992,-5.00E-04,0.0412,50.71,-0.00568,0,0,TRUE,0,0,0,-0.015477613
1565839050704,-12.068,0.136,1070.091,-3.00E-04,0.9991,-5.00E-04,0.0419,50.61,-0.00444,0,0,TRUE,0,0,0,-0.014441184
1565839050814,-12.116,0.136,1070.65,-3.00E-04,0.9991,-5.00E-04,0.0425,50.51,-0.00444,0,0,TRUE,0,0,0,-0.021601742
1565839050924,-12.165,0.136,1071.209,-3.00E-04,0.9991,-5.00E-04,0.0429,50.41,-0.00444,0,0,TRUE,0,0,0,-0.022052074
1565839051035,-12.214,0.136,1071.766,-3.00E-04,0.9991,-5.00E-04,0.0434,50.31,-0.00444,0,0,TRUE,0,0,0,-0.021929445
1565839051145,-12.263,0.136,1072.322,-3.00E-04,0.999,-5.00E-04,0.0439,50.21,-0.00444,0,0,TRUE,0,0,0,-0.022168215
1565839051255,-12.313,0.136,1072.877,-3.00E-04,0.999,-5.00E-04,0.0443,50.11,-0.00444,0,0,TRUE,0,0,0,-0.02266077
1565839051371,-12.364,0.136,1073.431,-3.00E-04,0.999,-5.00E-04,0.0448,50.01,-0.00444,0,0,TRUE,0,0,0,-0.02194939
1565839051481,-12.415,0.136,1073.984,-3.00E-04,0.999,-5.00E-04,0.0453,49.91,-0.00444,0,0,TRUE,0,0,0,-0.023190914
1565839051591,-12.466,0.136,1074.535,-3.00E-04,0.999,-5.00E-04,0.0457,49.81,-0.00444,0,0,TRUE,0,0,0,-0.02327242
1565839051701,-12.517,0.136,1075.086,-3.00E-04,0.9989,-5.00E-04,0.0462,49.71,-0.00444,0,0,TRUE,0,0,0,-0.023273738
1565839051818,-12.569,0.136,1075.635,-3.00E-04,0.9989,-5.00E-04,0.0466,49.61,-0.00444,0,0,TRUE,0,0,0,-0.022389067
1565839051939,-12.622,0.136,1076.183,-3.00E-04,0.9989,-5.00E-04,0.0471,49.51,-0.00439,0,0,TRUE,0,0,0,-0.02210102
1565839052105,-12.675,0.136,1076.73,-3.00E-04,0.9989,-5.00E-04,0.0476,49.4,-0.00311,0,0,TRUE,0,0,0,-0.017751494
1565839052274,-12.728,0.136,1077.275,-3.00E-04,0.9988,-5.00E-04,0.048,49.3,-0.00175,0.11905086,0,TRUE,0,0,0,-0.015908068
1565839052437,-12.781,0.136,1077.82,-4.00E-04,0.9988,-5.00E-04,0.0482,49.2,-0.00126,0.20634776,0,TRUE,0,0,0,-0.016496964
1565839052601,-12.834,0.136,1078.364,-4.00E-04,0.9988,-5.00E-04,0.0484,49.14,2.10E-04,0.25397116,0,TRUE,0,0,0,-0.00985333
1565839052770,-12.887,0.136,1078.907,-4.00E-04,0.9988,-5.00E-04,0.0484,49.11,0.00158,0.31744868,0,TRUE,0,0,0,-0.004790269
1565839052901,-12.939,0.136,1079.45,-5.00E-04,0.9988,-5.00E-04,0.0484,49.11,0.00158,0.36507207,0,TRUE,0,0,0,0
1565839053036,-12.992,0.136,1079.993,-5.00E-04,0.9988,-5.00E-04,0.0482,49.14,0.00169,0.3809415,0,TRUE,0,0,0,0.005995265
1565839053203,-13.044,0.136,1080.537,-4.00E-04,0.9988,-5.00E-04,0.048,49.18,0.00278,0.40872818,0,TRUE,0,0,0,0.006331753
1565839053370,-13.096,0.136,1081.081,-5.00E-04,0.9989,-6.00E-04,0.0478,49.23,0.00419,0.4285649,0,TRUE,0,0,0,0.007912629
1565839053537,-13.147,0.136,1081.626,-5.00E-04,0.9989,-6.00E-04,0.0475,49.29,0.00504,0.4364996,0,TRUE,0,0,0,0.009300139
1565839053703,-13.198,0.136,1082.172,-5.00E-04,0.9989,-6.00E-04,0.047,49.36,0.00652,0.4364996,0,TRUE,0,0,0,0.010893253
1565839053877,-13.248,0.136,1082.719,-6.00E-04,0.9989,-6.00E-04,0.0464,49.43,0.0083,0.4364996,0,TRUE,0,0,0,0.010172418
1565839054042,-13.297,0.136,1083.267,-6.00E-04,0.999,-6.00E-04,0.0457,49.5,0.01004,0.4364996,0,TRUE,0,0,0,0.010495783
1565839054207,-13.345,0.136,1083.815,-7.00E-04,0.999,-6.00E-04,0.0447,49.58,0.01159,0.4364996,0,TRUE,0,0,0,0.011752718
1565839054336,-13.392,0.136,1084.364,-7.00E-04,0.999,-6.00E-04,0.0436,49.65,0.01174,0.4364996,0,TRUE,0,0,0,0.012855424
1565839054452,-13.437,0.136,1084.915,-7.00E-04,0.9991,-6.00E-04,0.0424,49.72,0.01174,0.45236897,0,TRUE,0,0,0,0.013643754
1565839054563,-13.481,0.136,1085.466,-7.00E-04,0.9992,-6.00E-04,0.0412,49.8,0.01174,0.45236897,0,TRUE,0,0,0,0.015938485
1565839054674,-13.524,0.136,1086.018,-7.00E-04,0.9992,-6.00E-04,0.04,49.88,0.01174,0.45236897,0,TRUE,0,0,0,0.015548582
1565839054784,-13.565,0.136,1086.571,-7.00E-04,0.9992,-6.00E-04,0.0387,49.96,0.01174,0.45633632,0,TRUE,0,0,0,0.014933707
1565839054904,-13.605,0.136,1087.126,-7.00E-04,0.9993,-6.00E-04,0.0375,50.04,0.01174,0.45236897,0,TRUE,0,0,0,0.013314075
1565839055021,-13.644,0.136,1087.681,-7.00E-04,0.9993,-6.00E-04,0.0362,50.12,0.01172,0.45633632,0,TRUE,0,0,0,0.013312412
1565839055186,-13.681,0.136,1088.237,-7.00E-04,0.9994,-6.00E-04,0.035,50.21,0.01096,0.46030366,0,TRUE,0,0,0,0.010059984
1565839055351,-13.717,0.136,1088.795,-7.00E-04,0.9994,-6.00E-04,0.0338,50.29,0.00977,0.46030366,0,TRUE,0,0,0,0.00867153
1565839055522,-13.753,0.136,1089.353,-6.00E-04,0.9995,-6.00E-04,0.0327,50.38,0.00832,0.4682536,0,TRUE,0,0,0,0.009412974
1565839055686,-13.787,0.136,1089.912,-6.00E-04,0.9995,-6.00E-04,0.0317,50.47,0.00709,0.4682536,0,TRUE,0,0,0,0.009255205
1565839055854,-13.82,0.136,1090.473,-6.00E-04,0.9995,-6.00E-04,0.0309,50.56,0.006,0.4682536,0,TRUE,0,0,0,0.008737863
1565839056027,-13.853,0.136,1091.034,-5.00E-04,0.9995,-6.00E-04,0.0302,50.65,0.00527,0.4682536,0,TRUE,0,0,0,0.008485324
1565839056150,-13.886,0.136,1091.597,-5.00E-04,0.9996,-6.00E-04,0.0296,50.74,0.00534,0.4682536,0,TRUE,0,0,0,0.01189338
1565839056317,-13.918,0.136,1092.161,-5.00E-04,0.9996,-6.00E-04,0.029,50.84,0.00642,0.4682536,0,TRUE,0,0,0,0.009422837
1565839056482,-13.949,0.136,1092.725,-6.00E-04,0.9996,-6.00E-04,0.0284,50.93,0.00854,0.47222096,0,TRUE,0,0,0,0.008315977
1565839056657,-13.979,0.136,1093.291,-6.00E-04,0.9996,-6.00E-04,0.0276,51.02,0.00973,0.47222096,0,TRUE,0,0,0,0.007560732
1565839056803,-14.008,0.136,1093.858,-7.00E-04,0.9996,-6.00E-04,0.0266,51.12,0.00951,0.47222096,0,TRUE,0,0,0,0.009718007
1565839056969,-14.036,0.136,1094.426,-7.00E-04,0.9997,-6.00E-04,0.0256,51.21,0.00801,0.47222096,0,TRUE,0,0,0,0.007415128
1565839057128,-14.063,0.136,1094.995,-6.00E-04,0.9997,-6.00E-04,0.0247,51.31,0.00695,0.47222096,0,TRUE,0,0,0,0.008281101
1565839057241,-14.089,0.136,1095.565,-6.00E-04,0.9997,-6.00E-04,0.0238,51.4,0.00694,0.47222096,0,TRUE,0,0,0,0.010082093
1565839057355,-14.115,0.136,1096.137,-6.00E-04,0.9997,-6.00E-04,0.0231,51.5,0.00694,0.47222096,0,TRUE,0,0,0,0.011063672
1565839057465,-14.139,0.136,1096.709,-6.00E-04,0.9998,-6.00E-04,0.0223,51.59,0.00694,0.47222096,0,TRUE,0,0,0,0.00952726
1565839057614,-14.163,0.136,1097.282,-6.00E-04,0.9998,-6.00E-04,0.0216,51.69,0.00667,0.47222096,0,TRUE,0,0,0,0.007801626
1565839057776,-14.186,0.136,1097.857,-6.00E-04,0.9998,-6.00E-04,0.0208,51.79,0.00624,0.47222096,0,TRUE,0,0,0,0.006852446
1565839057914,-14.208,0.136,1098.433,-6.00E-04,0.9998,-6.00E-04,0.0201,51.88,0.00642,0.47222096,0,TRUE,0,0,0,0.006915219
1565839058085,-14.23,0.136,1099.01,-6.00E-04,0.9998,-6.00E-04,0.0194,51.98,0.00796,0.47222096,0,TRUE,0,0,0,0.006188619
1565839058262,-14.251,0.136,1099.587,-6.00E-04,0.9998,-6.00E-04,0.0187,52.08,0.01022,0.47222096,0,TRUE,0,0,0,0.005708056
1565839058431,-14.27,0.136,1100.167,-7.00E-04,0.9998,-6.00E-04,0.0177,52.18,0.01244,0.45633632,0,TRUE,0,0,0,0.005381843
1565839058600,-14.287,0.136,1100.747,-8.00E-04,0.9999,-6.00E-04,0.0165,52.27,0.01172,0.40872818,0,TRUE,0,0,0,0.004334132
1565839058768,-14.303,0.136,1101.328,-8.00E-04,0.9999,-6.00E-04,0.0151,52.34,0.00805,0.3888762,0,TRUE,0,0,0,0.00318598
1565839058937,-14.318,0.136,1101.909,-7.00E-04,0.9999,-6.00E-04,0.014,52.39,0.00536,0.36903942,0,TRUE,0,0,0,0.002120734
1565839059099,-14.333,0.136,1102.492,-5.00E-04,0.9999,-5.00E-04,0.0133,52.43,0.0046,0.30554664,0,TRUE,0,0,0,0.001764519
1565839059263,-14.347,0.136,1103.074,-5.00E-04,0.9999,-5.00E-04,0.0127,52.45,0.00332,0.30554664,0,TRUE,0,0,0,8.15E-04
1565839059431,-14.36,0.136,1103.657,-5.00E-04,0.9999,-5.00E-04,0.0122,52.46,0.00141,0.30554664,0,TRUE,0,0,0,3.69E-04
1565839059590,-14.374,0.136,1104.24,-4.00E-04,0.9999,-5.00E-04,0.012,52.46,-0.00152,0.3015793,0,TRUE,0,0,0,0
1565839059754,-14.388,0.136,1104.823,-4.00E-04,0.9999,-5.00E-04,0.0119,52.47,-0.00289,0.36110473,0,TRUE,0,0,0,4.07E-04
1565839059877,-14.402,0.136,1105.406,-3.00E-04,0.9999,-5.00E-04,0.0122,52.5,-0.00289,0.3809415,0,TRUE,0,0,0,0.001626493
1565839060000,-14.417,0.136,1105.989,-3.00E-04,0.9999,-5.00E-04,0.0125,52.54,-0.00289,0.40872818,0,TRUE,0,0,0,0.002323367
1565839060115,-14.433,0.136,1106.573,-3.00E-04,0.9999,-5.00E-04,0.0128,52.6,-0.00289,0.42063022,0,TRUE,0,0,0,0.003969022
1565839060226,-14.448,0.136,1107.158,-3.00E-04,0.9999,-5.00E-04,0.0131,52.67,-0.00289,0.42459756,0,TRUE,0,0,0,0.004490579
1565839060340,-14.465,0.136,1107.744,-3.00E-04,0.9999,-6.00E-04,0.0134,52.74,-0.00289,0.42459756,0,TRUE,0,0,0,0.004945863
1565839060454,-14.481,0.136,1108.33,-3.00E-04,0.9999,-6.00E-04,0.0138,52.81,-0.00288,0.43253225,0,TRUE,0,0,0,0.004655754
1565839060620,-14.498,0.136,1108.917,-3.00E-04,0.9999,-6.00E-04,0.0141,52.89,-0.00173,0.43253225,0,TRUE,0,0,0,0.003875036
1565839060783,-14.515,0.136,1109.505,-4.00E-04,0.9999,-6.00E-04,0.0143,52.97,0.00199,0.43253225,0,TRUE,0,0,0,0.003939995
1565839060936,-14.532,0.136,1110.094,-5.00E-04,0.9999,-6.00E-04,0.0144,53.04,0.00252,0.43253225,0,TRUE,0,0,0,0.003666433
1565839061103,-14.549,0.136,1110.684,-5.00E-04,0.9999,-6.00E-04,0.0141,53.12,0.00154,0.43253225,0,TRUE,0,0,0,0.003832721
1565839061268,-14.565,0.136,1111.274,-5.00E-04,0.9999,-6.00E-04,0.0139,53.2,0.0011,0.43253225,0,TRUE,0,0,0,0.003650494
1565839061425,-14.581,0.136,1111.866,-5.00E-04,0.9999,-6.00E-04,0.0138,53.28,0.0015,0.43253225,0,TRUE,0,0,0,0.003824692
1565839061594,-14.597,0.136,1112.458,-4.00E-04,0.9999,-6.00E-04,0.0136,53.36,0.00256,0.42459756,0,TRUE,0,0,0,0.003552342
1565839061754,-14.612,0.136,1113.051,-5.00E-04,0.9999,-6.00E-04,0.0134,53.43,0.00207,0.42459756,0,TRUE,0,0,0,0.003073041
1565839061922,-14.628,0.136,1113.645,-5.00E-04,0.9999,-6.00E-04,0.0131,53.5,0.00281,0.42459756,0,TRUE,0,0,0,0.003116442
1565839062089,-14.643,0.136,1114.24,-5.00E-04,0.9999,-6.00E-04,0.0129,53.58,0.00611,0.42459756,0,TRUE,0,0,0,0.003353675
1565839062252,-14.657,0.136,1114.836,-6.00E-04,0.9999,-6.00E-04,0.0124,53.65,0.00773,0.42459756,0,TRUE,0,0,0,0.002801016
1565839062361,-14.67,0.136,1115.432,-7.00E-04,0.9999,-6.00E-04,0.0116,53.73,0.00773,0.42063022,0,TRUE,0,0,0,0.0044463
1565839062475,-14.682,0.136,1116.03,-7.00E-04,0.9999,-6.00E-04,0.0108,53.8,0.00773,0.42063022,0,TRUE,0,0,0,0.003421907
1565839062590,-14.692,0.136,1116.628,-7.00E-04,1,-6.00E-04,0.0099,53.87,0.00773,0.41666287,0,TRUE,0,0,0,0.002827011
1565839062753,-14.702,0.136,1117.227,-6.00E-04,1,-6.00E-04,0.009,53.94,0.00721,0.42063022,0,TRUE,0,0,0,0.001991076
1565839062918,-14.711,0.136,1117.827,-6.00E-04,1,-6.00E-04,0.0082,54.01,0.0061,0.42063022,0,TRUE,0,0,0,0.001767695
1565839063086,-14.719,0.136,1118.427,-6.00E-04,1,-5.00E-04,0.0074,54.08,0.00469,0.42063022,0,TRUE,0,0,0,0.001543101
1565839063249,-14.726,0.136,1119.029,-5.00E-04,1,-5.00E-04,0.0068,54.16,0.0035,0.42459756,0,TRUE,0,0,0,0.001584976
1565839063415,-14.733,0.136,1119.631,-5.00E-04,1,-5.00E-04,0.0063,54.23,0.00175,0.42459756,0,TRUE,0,0,0,0.001362095
1565839063579,-14.74,0.136,1120.234,-5.00E-04,1,-6.00E-04,0.006,54.31,-4.70E-04,0.42459756,0,TRUE,0,0,0,0.001572836
1565839063742,-14.747,0.136,1120.838,-4.00E-04,1,-6.00E-04,0.0059,54.38,-0.0017,0.4285649,0,TRUE,0,0,0,0.001382399
1565839063906,-14.755,0.136,1121.443,-4.00E-04,1,-6.00E-04,0.006,54.46,-0.00222,0.4364996,0,TRUE,0,0,0,0.001791694
1565839064041,-14.762,0.136,1122.049,-3.00E-04,1,-6.00E-04,0.0062,54.54,-0.00222,0.5000076,0,TRUE,0,0,0,0.001901468
1565839064157,-14.77,0.136,1122.655,-3.00E-04,1,-6.00E-04,0.0065,54.65,-0.00222,0.5195392,0,TRUE,0,0,0,0.003476784
1565839064267,-14.779,0.136,1123.263,-4.00E-04,1,-6.00E-04,0.0067,54.77,-0.00222,0.5195392,0,TRUE,0,0,0,0.00448569
1565839064381,-14.788,0.136,1123.873,-4.00E-04,1,-6.00E-04,0.007,54.9,-0.00222,0.51563287,0,TRUE,0,0,0,0.004672185
1565839064497,-14.797,0.136,1124.484,-4.00E-04,1,-6.00E-04,0.0073,55.03,-0.00222,0.51563287,0,TRUE,0,0,0,0.004585076
1565839064606,-14.807,0.136,1125.096,-4.00E-04,1,-6.00E-04,0.0075,55.16,-0.00222,0.51563287,0,TRUE,0,0,0,0.0054133
1565839064717,-14.816,0.136,1125.71,-4.00E-04,1,-6.00E-04,0.0078,55.29,-0.00219,0.5195392,0,TRUE,0,0,0,0.004767939
1565839064855,-14.827,0.136,1126.325,-4.00E-04,1,-6.00E-04,0.0081,55.42,-0.00196,0.5195392,0,TRUE,0,0,0,0.004679451
1565839065025,-14.837,0.136,1126.942,-4.00E-04,1,-6.00E-04,0.0083,55.55,1.00E-04,0.5195392,0,TRUE,0,0,0,0.00344205
1565839065187,-14.848,0.136,1127.56,-4.00E-04,1,-6.00E-04,0.0084,55.68,0.00106,0.5195392,0,TRUE,0,0,0,0.003966639
1565839065349,-14.858,0.136,1128.179,-5.00E-04,1,-6.00E-04,0.0084,55.81,0.00158,0.5000076,0,TRUE,0,0,0,0.003601344
1565839065516,-14.868,0.136,1128.8,-5.00E-04,1,-6.00E-04,0.0082,55.93,0.0034,0.43253225,0,TRUE,0,0,0,0.003213327
1565839065678,-14.878,0.136,1129.422,-5.00E-04,1,-6.00E-04,0.008,56.02,0.00425,0.40476084,0,TRUE,0,0,0,0.002480992
1565839065795,-14.886,0.136,1130.045,-6.00E-04,1,-6.00E-04,0.0075,56.09,0.00425,0.42063022,0,TRUE,0,0,0,0.002133584
1565839065921,-14.895,0.136,1130.669,-6.00E-04,1,-5.00E-04,0.007,56.16,0.00425,0.3809415,0,TRUE,0,0,0,0.002226087
1565839066067,-14.902,0.136,1131.294,-6.00E-04,1,-5.00E-04,0.0065,56.22,0.00434,0.341268,0,TRUE,0,0,0,0.001278483
1565839066228,-14.909,0.136,1131.919,-6.00E-04,1,-5.00E-04,0.006,56.26,0.00531,0.27380788,0,TRUE,0,0,0,7.73E-04
1565839066360,-14.915,0.136,1132.544,-6.00E-04,1,-5.00E-04,0.0055,56.26,0.00532,0.22618449,0,TRUE,0,0,0,0
1565839066478,-14.921,0.136,1133.169,-6.00E-04,1,-5.00E-04,0.0048,56.23,0.00532,0.21031511,0,TRUE,0,0,0,-6.78E-04
1565839066641,-14.925,0.136,1133.793,-6.00E-04,1,-5.00E-04,0.0042,56.18,0.00486,0.22221714,0,TRUE,0,0,0,-5.46E-04
1565839066801,-14.929,0.136,1134.417,-6.00E-04,1,-5.00E-04,0.0036,56.14,0.00336,0.30554664,0,TRUE,0,0,0,-4.45E-04
1565839066970,-14.932,0.136,1135.041,-5.00E-04,1,-5.00E-04,0.0031,56.14,0.00235,0.31744868,0,TRUE,0,0,0,0
1565839067128,-14.935,0.136,1135.665,-5.00E-04,1,-5.00E-04,0.0028,56.15,0.0019,0.32936597,0,TRUE,0,0,0,8.45E-05
1565839067236,-14.938,0.136,1136.289,-5.00E-04,1,-5.00E-04,0.0025,56.17,0.0019,0.3333333,0,TRUE,0,0,0,2.47E-04
1565839067400,-14.941,0.136,1136.913,-5.00E-04,1,-5.00E-04,0.0023,56.19,0.00154,0.3333333,0,TRUE,0,0,0,1.63E-04
1565839067571,-14.943,0.136,1137.538,-5.00E-04,1,-5.00E-04,0.0021,56.22,8.40E-04,0.24205387,0,TRUE,0,0,0,1.56E-04
1565839067727,-14.945,0.136,1138.162,-5.00E-04,1,-5.00E-04,0.0019,56.2,8.40E-04,0,0,TRUE,0,0,0,-1.14E-04
1565839067837,-14.948,0.136,1138.786,-4.00E-04,1,-5.00E-04,0.0018,56.12,8.40E-04,0,0,TRUE,0,0,0,-9.71E-04
1565839067944,-14.95,0.136,1139.409,-4.00E-04,1,-5.00E-04,0.0017,56.02,8.40E-04,0,0,TRUE,0,0,0,-8.33E-04
1565839068050,-14.951,0.136,1140.031,-5.00E-04,1,-4.00E-04,0.0016,55.92,8.40E-04,0,0,TRUE,0,0,0,-4.22E-04
1565839068155,-14.953,0.136,1140.652,-5.00E-04,1,-4.00E-04,0.0015,55.82,8.40E-04,0,0,TRUE,0,0,0,-8.52E-04
1565839068260,-14.955,0.136,1141.271,-5.00E-04,1,-4.00E-04,0.0014,55.72,8.40E-04,0,0,TRUE,0,0,0,-8.55E-04
1565839068367,-14.956,0.136,1141.89,-5.00E-04,1,-4.00E-04,0.0013,55.62,8.40E-04,0,0,TRUE,0,0,0,-4.20E-04
1565839068474,-14.958,0.136,1142.507,-5.00E-04,1,-4.00E-04,0.0012,55.52,8.40E-04,0,0,TRUE,0,0,0,-8.42E-04
1565839068585,-14.959,0.136,1143.123,-5.00E-04,1,-4.00E-04,0.0011,55.42,8.40E-04,0,0,TRUE,0,0,0,-4.06E-04
1565839068690,-14.96,0.136,1143.738,-5.00E-04,1,-4.00E-04,0.001,55.31,8.40E-04,0,0,TRUE,0,0,0,-4.73E-04
1565839068796,-14.961,0.136,1144.352,-5.00E-04,1,-4.00E-04,9.00E-04,55.21,8.40E-04,0,0,TRUE,0,0,0,-4.27E-04
1565839068904,-14.962,0.136,1144.965,-5.00E-04,1,-4.00E-04,8.00E-04,55.11,8.40E-04,0,0,TRUE,0,0,0,-4.19E-04
1565839069009,-14.963,0.136,1145.577,-5.00E-04,1,-4.00E-04,7.00E-04,55.01,8.40E-04,0,0,TRUE,0,0,0,-4.32E-04
1565839069120,-14.963,0.136,1146.188,-5.00E-04,1,-4.00E-04,6.00E-04,54.91,8.70E-04,0,0,TRUE,0,0,0,0
1565839069225,-14.964,0.136,1146.797,-5.00E-04,1,-4.00E-04,5.00E-04,54.81,8.70E-04,0,0,TRUE,0,0,0,-4.34E-04
1565839069338,-14.964,0.136,1147.405,-5.00E-04,1,-4.00E-04,4.00E-04,54.71,8.70E-04,0,0,TRUE,0,0,0,0
1565839069446,-14.964,0.136,1148.013,-5.00E-04,1,-4.00E-04,3.00E-04,54.61,8.70E-04,0,0,TRUE,0,0,0,0
1565839069557,-14.964,0.136,1148.619,-5.00E-04,1,-4.00E-04,2.00E-04,54.51,8.70E-04,0,0,TRUE,0,0,0,0
1565839069665,-14.964,0.136,1149.224,-5.00E-04,1,-4.00E-04,1.00E-04,54.41,8.70E-04,0,0,TRUE,0,0,0,0
1565839069826,-14.964,0.136,1149.828,-5.00E-04,1,-4.00E-04,0,54.31,4.00E-04,0,0,TRUE,0,0,0,0
1565839069996,-14.964,0.136,1150.43,-4.00E-04,1,-4.00E-04,-1.00E-04,54.21,-6.30E-04,0,0,TRUE,0,0,0,0
1565839070105,-14.964,0.136,1151.032,-4.00E-04,1,-4.00E-04,-1.00E-04,54.11,-6.30E-04,0,0,TRUE,0,0,0,0
1565839070213,-14.964,0.136,1151.633,-4.00E-04,1,-4.00E-04,-1.00E-04,54,-6.30E-04,0,0,TRUE,0,0,0,0
1565839070320,-14.964,0.136,1152.232,-4.00E-04,1,-4.00E-04,0,53.9,-6.30E-04,0,0,TRUE,0,0,0,0
1565839070427,-14.964,0.136,1152.83,-4.00E-04,1,-4.00E-04,1.00E-04,53.8,-6.30E-04,0,0,TRUE,0,0,0,0
1565839070538,-14.964,0.136,1153.427,-4.00E-04,1,-4.00E-04,1.00E-04,53.7,-6.30E-04,0,0,TRUE,0,0,0,0
1565839070651,-14.965,0.136,1154.023,-4.00E-04,1,-4.00E-04,2.00E-04,53.6,-6.30E-04,0,0,TRUE,0,0,0,-4.13E-04
1565839070762,-14.965,0.136,1154.618,-4.00E-04,1,-4.00E-04,3.00E-04,53.5,-6.30E-04,0,0,TRUE,0,0,0,0
1565839070871,-14.966,0.136,1155.212,-4.00E-04,1,-4.00E-04,3.00E-04,53.4,-6.30E-04,0,0,TRUE,0,0,0,-4.29E-04
1565839070979,-14.966,0.136,1155.805,-4.00E-04,1,-4.00E-04,4.00E-04,53.3,-6.30E-04,0,0,TRUE,0,0,0,0
1565839071087,-14.967,0.136,1156.396,-4.00E-04,1,-4.00E-04,5.00E-04,53.2,-6.30E-04,0,0,TRUE,0,0,0,-4.35E-04
1565839071200,-14.968,0.136,1156.987,-4.00E-04,1,-4.00E-04,5.00E-04,53.1,-6.30E-04,0,0,TRUE,0,0,0,-4.16E-04
1565839071307,-14.968,0.136,1157.576,-4.00E-04,1,-4.00E-04,6.00E-04,53,-6.30E-04,0,0,TRUE,0,0,0,0
1565839071416,-14.969,0.136,1158.164,-4.00E-04,1,-4.00E-04,7.00E-04,52.9,-6.30E-04,0,0,TRUE,0,0,0,-4.33E-04
1565839071520,-14.97,0.136,1158.752,-4.00E-04,1,-4.00E-04,7.00E-04,52.79,-6.30E-04,0,0,TRUE,0,0,0,-5.00E-04
1565839071674,-14.971,0.136,1159.337,-4.00E-04,1,-4.00E-04,8.00E-04,52.69,1.80E-04,0,0,TRUE,0,0,0,-3.08E-04
1565839071838,-14.972,0.136,1159.922,-4.00E-04,1,-4.00E-04,8.00E-04,52.59,0.00849,0,0,TRUE,0,0,0,-2.90E-04
1565839071998,-14.972,0.136,1160.506,-6.00E-04,1,-4.00E-04,4.00E-04,52.49,0.01416,0,0,TRUE,0,0,0,0
1565839072163,-14.97,0.136,1161.089,-8.00E-04,1,-4.00E-04,-8.00E-04,52.39,0.01462,0,0,TRUE,0,0,0,-5.77E-04
1565839072272,-14.965,0.136,1161.67,-9.00E-04,1,-4.00E-04,-0.0023,52.29,0.01462,0,0,TRUE,0,0,0,-0.002192862
1565839072380,-14.959,0.136,1162.25,-9.00E-04,1,-4.00E-04,-0.0039,52.19,0.01462,0,0,TRUE,0,0,0,-0.002661057
1565839072501,-14.95,0.136,1162.829,-8.00E-04,1,-4.00E-04,-0.0055,52.09,0.01474,0,0,TRUE,0,0,0,-0.003567993
1565839072663,-14.94,0.136,1163.407,-8.00E-04,1,-4.00E-04,-0.0071,51.98,0.01744,0,0,TRUE,0,0,0,-0.003262815
1565839072824,-14.928,0.136,1163.984,-9.00E-04,1,-4.00E-04,-0.0089,51.88,0.02471,0,0,TRUE,0,0,0,-0.003586949
1565839072987,-14.912,0.136,1164.56,-0.001,0.9999,-4.00E-04,-0.0112,51.78,0.03161,0,0,TRUE,0,0,0,-0.004731868
1565839073146,-14.892,0.136,1165.134,-0.0013,0.9999,-4.00E-04,-0.0141,51.67,0.03529,0,0,TRUE,0,0,0,-0.00669204
1565839073275,-14.867,0.136,1165.707,-0.0014,0.9998,-4.00E-04,-0.0177,51.57,0.03557,0,0,TRUE,0,0,0,-0.009386095
1565839073384,-14.838,0.136,1166.279,-0.0014,0.9998,-4.00E-04,-0.0215,51.47,0.03557,0,0,TRUE,0,0,0,-0.012902759
1565839073490,-14.804,0.136,1166.849,-0.0014,0.9997,-4.00E-04,-0.0254,51.36,0.03557,0,0,TRUE,0,0,0,-0.017165853
1565839073599,-14.766,0.136,1167.417,-0.0013,0.9996,-4.00E-04,-0.0292,51.26,0.03556,0,0,TRUE,0,0,0,-0.017011903
1565839073704,-14.723,0.136,1167.985,-0.0013,0.9995,-4.00E-04,-0.033,51.16,0.03556,0,0,TRUE,0,0,0,-0.019970465
1565839073815,-14.677,0.136,1168.551,-0.0013,0.9993,-4.00E-04,-0.0369,51.06,0.03551,0,0,TRUE,0,0,0,-0.020269582
1565839073979,-14.626,0.136,1169.115,-0.0013,0.9992,-4.00E-04,-0.0407,50.95,0.03444,0,0,TRUE,0,0,0,-0.01678013
1565839074150,-14.571,0.136,1169.678,-0.0013,0.999,-4.00E-04,-0.0444,50.85,0.03179,0,0,TRUE,0,0,0,-0.015794812
1565839074313,-14.512,0.136,1170.239,-0.0012,0.9988,-4.00E-04,-0.048,50.75,0.0309,0,0,TRUE,0,0,0,-0.017822845
1565839074423,-14.45,0.136,1170.799,-0.0012,0.9987,-4.00E-04,-0.0514,50.65,0.0309,0,0,TRUE,0,0,0,-0.027791176
1565839074585,-14.384,0.136,1171.357,-0.0012,0.9985,-4.00E-04,-0.0547,50.55,0.03182,0,0,TRUE,0,0,0,-0.02013744
1565839074744,-14.315,0.136,1171.914,-0.0012,0.9983,-4.00E-04,-0.058,50.45,0.03563,0,0,TRUE,0,0,0,-0.021481799
1565839074907,-14.242,0.136,1172.469,-0.0013,0.9981,-4.00E-04,-0.0615,50.34,0.03932,0,0,TRUE,0,0,0,-0.024443798
1565839075064,-14.164,0.136,1173.022,-0.0014,0.9979,-4.00E-04,-0.0655,50.24,0.04203,0,0,TRUE,0,0,0,-0.024711547
1565839075198,-14.081,0.136,1173.573,-0.0015,0.9976,-3.00E-04,-0.0697,50.13,0.04225,0,0,TRUE,0,0,0,-0.033963982
1565839075342,-13.993,0.136,1174.123,-0.0015,0.9972,-3.00E-04,-0.0741,50.03,0.04193,0,0,TRUE,0,0,0,-0.030474724
1565839075502,-13.9,0.136,1174.671,-0.0015,0.9969,-3.00E-04,-0.0785,49.93,0.03962,0,0,TRUE,0,0,0,-0.029048909
1565839075660,-13.803,0.136,1175.216,-0.0014,0.9966,-3.00E-04,-0.0828,49.82,0.03601,0,0,TRUE,0,0,0,-0.033891868
1565839075824,-13.703,0.136,1175.76,-0.0013,0.9962,-3.00E-04,-0.0868,49.72,0.03205,0,0,TRUE,0,0,0,-0.030618317
1565839075983,-13.599,0.136,1176.302,-0.0012,0.9959,-3.00E-04,-0.0904,49.62,0.0278,0,0.055558115,TRUE,0,0,0,-0.032923
1565839076141,-13.492,0.136,1176.842,-0.0011,0.9956,-3.00E-04,-0.0935,49.43,0.024,0,0.071427464,TRUE,0,0,0,-0.064921625
1565839076307,-13.384,0.136,1177.378,-0.001,0.9954,-3.00E-04,-0.0963,49.18,0.01966,0,0.10316622,TRUE,0,0,0,-0.082629964
1565839076468,-13.274,0.136,1177.912,-9.00E-04,0.9951,-3.00E-04,-0.0986,48.87,0.01535,0,0.123018205,TRUE,0,0,0,-0.107922405
1565839076628,-13.163,0.136,1178.441,-8.00E-04,0.9949,-2.00E-04,-0.1004,48.52,0.01076,0,0.123018205,TRUE,0,0,0,-0.124770954
1565839076793,-13.053,0.136,1178.966,-6.00E-04,0.9948,-2.00E-04,-0.1018,48.15,0.00695,0,0.15475702,TRUE,0,0,0,-0.12775974
1565839076957,-12.943,0.136,1179.487,-6.00E-04,0.9947,-2.00E-04,-0.1027,47.72,0.00332,0,0.13888764,TRUE,0,0,0,-0.15042333
1565839077115,-12.834,0.136,1180.003,-5.00E-04,0.9947,-2.00E-04,-0.1033,47.31,3.10E-04,0,0.05952543,TRUE,0,0,0,-0.14898038
1565839077279,-12.726,0.136,1180.515,-4.00E-04,0.9946,-3.00E-04,-0.1035,47.03,2.70E-04,0,0,TRUE,0,0,0,-0.09789169
1565839077446,-12.618,0.136,1181.025,-4.00E-04,0.9946,-3.00E-04,-0.1036,46.9,0.00344,0,0,TRUE,0,0,0,-0.04479549
1565839077605,-12.511,0.136,1181.535,-5.00E-04,0.9946,-4.00E-04,-0.1038,46.8,0.00964,0,0,TRUE,0,0,0,-0.035872646
1565839077768,-12.402,0.136,1182.042,-7.00E-04,0.9945,-4.00E-04,-0.1044,46.7,0.01372,0,0,TRUE,0,0,0,-0.035821322
1565839077928,-12.292,0.136,1182.549,-8.00E-04,0.9944,-4.00E-04,-0.1055,46.6,0.01652,0,0,TRUE,0,0,0,-0.03681463
1565839078091,-12.18,0.136,1183.054,-9.00E-04,0.9943,-4.00E-04,-0.1069,46.49,0.01891,0,0,TRUE,0,0,0,-0.04058675
1565839078260,-12.066,0.136,1183.557,-9.00E-04,0.9941,-4.00E-04,-0.1086,46.39,0.02329,0,0,TRUE,0,0,0,-0.036327824
1565839078419,-11.95,0.136,1184.059,-0.001,0.9939,-3.00E-04,-0.1106,46.29,0.02692,0,0,TRUE,0,0,0,-0.0393361
1565839078554,-11.832,0.136,1184.558,-0.0011,0.9936,-3.00E-04,-0.113,46.19,0.02718,0,0,TRUE,0,0,0,-0.04735006
1565839078666,-11.711,0.136,1185.056,-0.0011,0.9933,-3.00E-04,-0.1156,46.09,0.02719,0,0,TRUE,0,0,0,-0.058550797
1565839078773,-11.587,0.136,1185.553,-0.001,0.993,-3.00E-04,-0.1182,45.98,0.02719,0,0,TRUE,0,0,0,-0.06913618
1565839078880,-11.461,0.136,1186.047,-0.001,0.9927,-3.00E-04,-0.1208,45.88,0.02718,0,0,TRUE,0,0,0,-0.06415749
1565839079041,-11.333,0.136,1186.54,-0.001,0.9924,-3.00E-04,-0.1234,45.78,0.02648,0,0,TRUE,0,0,0,-0.04335559
1565839079211,-11.202,0.136,1187.031,-0.001,0.992,-3.00E-04,-0.126,45.68,0.02312,0,0,TRUE,0,0,0,-0.04212393
1565839079374,-11.07,0.136,1187.52,-9.00E-04,0.9917,-3.00E-04,-0.1284,45.58,0.01797,0,0,TRUE,0,0,0,-0.04441033
1565839079539,-10.937,0.136,1188.008,-8.00E-04,0.9915,-3.00E-04,-0.1304,45.48,0.01276,0,0,TRUE,0,0,0,-0.0442654
1565839079701,-10.803,0.136,1188.495,-7.00E-04,0.9913,-4.00E-04,-0.1319,45.38,0.00788,0,0,TRUE,0,0,0,-0.045494057
1565839079863,-10.668,0.136,1188.98,-6.00E-04,0.9911,-4.00E-04,-0.1329,45.28,0.00438,0,0,TRUE,0,0,0,-0.04598254
1565839080031,-10.535,0.136,1189.464,-5.00E-04,0.991,-4.00E-04,-0.1335,45.18,5.20E-04,0,0,TRUE,0,0,0,-0.043810092
1565839080195,-10.401,0.136,1189.948,-4.00E-04,0.991,-4.00E-04,-0.1338,45.08,-0.00365,0,0,TRUE,0,0,0,-0.045191955
1565839080354,-10.269,0.136,1190.43,-4.00E-04,0.991,-4.00E-04,-0.1337,44.98,-0.00669,0,0,TRUE,0,0,0,-0.04614095
1565839080521,-10.138,0.136,1190.911,-3.00E-04,0.9911,-4.00E-04,-0.1333,44.88,-0.00958,0,0,TRUE,0,0,0,-0.04371203
1565839080686,-10.008,0.136,1191.392,-3.00E-04,0.9912,-4.00E-04,-0.1325,44.77,-0.01228,0,0,TRUE,0,0,0,-0.04832049
1565839080854,-9.88,0.136,1191.872,-2.00E-04,0.9913,-4.00E-04,-0.1315,44.67,-0.01436,0,0,TRUE,0,0,0,-0.042605627
1565839081013,-9.753,0.136,1192.352,-2.00E-04,0.9915,-4.00E-04,-0.1303,44.57,-0.01547,0,0,TRUE,0,0,0,-0.04467621
1565839081127,-9.629,0.136,1192.83,-2.00E-04,0.9916,-4.00E-04,-0.129,44.47,-0.01547,0,0,TRUE,0,0,0,-0.061195552
1565839081232,-9.506,0.136,1193.308,-2.00E-04,0.9918,-4.00E-04,-0.1275,44.37,-0.01547,0,0,TRUE,0,0,0,-0.06592501
1565839081382,-9.385,0.136,1193.785,-2.00E-04,0.992,-4.00E-04,-0.1261,44.27,-0.01547,0.1349203,0,TRUE,0,0,0,-0.045528058
1565839081539,-9.265,0.136,1194.262,-2.00E-04,0.9922,-4.00E-04,-0.1247,44.17,-0.01547,0.25397116,0,TRUE,0,0,0,-0.043172356
1565839081672,-9.147,0.136,1194.738,-2.00E-04,0.9924,-4.00E-04,-0.1233,44.12,-0.01547,0.309514,0,TRUE,0,0,0,-0.025122914
1565839081793,-9.031,0.136,1195.214,-2.00E-04,0.9925,-5.00E-04,-0.1218,44.1,-0.01547,0.33730066,0,TRUE,0,0,0,-0.010872197
1565839081911,-8.915,0.136,1195.69,-2.00E-04,0.9927,-5.00E-04,-0.1204,44.11,-0.01547,0.36110473,0,TRUE,0,0,0,0.005575368
1565839082058,-8.802,0.136,1196.167,-2.00E-04,0.9929,-5.00E-04,-0.119,44.12,-0.0153,0.3809415,0,TRUE,0,0,0,0.004354784
1565839082224,-8.689,0.136,1196.644,-2.00E-04,0.9931,-5.00E-04,-0.1176,44.15,-0.014,0.39284354,0,TRUE,0,0,0,0.011571975
1565839082387,-8.578,0.136,1197.122,-2.00E-04,0.9932,-5.00E-04,-0.1162,44.18,-0.0129,0.35317004,0,TRUE,0,0,0,0.011566065
1565839082550,-8.467,0.136,1197.601,-3.00E-04,0.9934,-5.00E-04,-0.1149,44.2,-0.01214,0.35713738,0,TRUE,0,0,0,0.007694416
1565839082712,-8.358,0.136,1198.08,-3.00E-04,0.9935,-5.00E-04,-0.1138,44.21,-0.00946,0.35713738,0,TRUE,0,0,0,0.003803952
1565839082875,-8.249,0.136,1198.559,-3.00E-04,0.9936,-5.00E-04,-0.1127,44.23,-0.00706,0.3809415,0,TRUE,0,0,0,0.007562672
1565839083036,-8.141,0.136,1199.039,-4.00E-04,0.9937,-5.00E-04,-0.112,44.25,-0.00621,0.3809415,0,TRUE,0,0,0,0.007575063
1565839083203,-8.033,0.136,1199.519,-4.00E-04,0.9938,-5.00E-04,-0.1113,44.28,-0.00501,0.37697417,0,TRUE,0,0,0,0.010951011
1565839083366,-7.925,0.136,1199.999,-4.00E-04,0.9938,-5.00E-04,-0.1108,44.31,-0.00414,0.35317004,0,TRUE,0,0,0,0.01122389
1565839083475,-7.818,0.136,1200.48,-4.00E-04,0.9939,-5.00E-04,-0.1104,44.33,-0.00414,0.35317004,0,TRUE,0,0,0,0.01106878
1565839083581,-7.711,0.136,1200.961,-4.00E-04,0.9939,-5.00E-04,-0.11,44.34,-0.00414,0.35317004,0,TRUE,0,0,0,0.005688539
1565839083689,-7.604,0.136,1201.442,-4.00E-04,0.994,-5.00E-04,-0.1096,44.36,-0.00414,0.34523535,0,TRUE,0,0,0,0.011171222
1565839083809,-7.498,0.136,1201.923,-4.00E-04,0.994,-5.00E-04,-0.1092,44.37,-0.00414,0.31348133,0,TRUE,0,0,0,0.004981307
1565839083928,-7.391,0.136,1202.405,-4.00E-04,0.9941,-5.00E-04,-0.1088,44.37,-0.00414,0.27777523,0,TRUE,0,0,0,0
1565839084044,-7.286,0.136,1202.886,-4.00E-04,0.9941,-5.00E-04,-0.1084,44.35,-0.00414,0.24998856,0,TRUE,0,0,0,-0.010215323
1565839084156,-7.18,0.136,1203.367,-4.00E-04,0.9941,-5.00E-04,-0.108,44.32,-0.00414,0.25397116,0,TRUE,0,0,0,-0.01601338
1565839084321,-7.076,0.136,1203.848,-4.00E-04,0.9942,-4.00E-04,-0.1077,44.29,-0.00427,0.35317004,0,TRUE,0,0,0,-0.010671226
1565839084481,-6.971,0.136,1204.329,-4.00E-04,0.9942,-5.00E-04,-0.1073,44.29,-0.00568,0.39682615,0,TRUE,0,0,0,0
1565839084638,-6.867,0.136,1204.811,-4.00E-04,0.9943,-5.00E-04,-0.1068,44.32,-0.00694,0.43253225,0,TRUE,0,0,0,0.011193323
1565839084800,-6.764,0.136,1205.292,-3.00E-04,0.9943,-5.00E-04,-0.1062,44.37,-0.00763,0.45633632,0,TRUE,0,0,0,0.017953128
1565839084915,-6.661,0.136,1205.775,-3.00E-04,0.9944,-5.00E-04,-0.1056,44.43,-0.00763,0.464271,0,TRUE,0,0,0,0.030225044
1565839085021,-6.559,0.136,1206.259,-3.00E-04,0.9945,-5.00E-04,-0.1048,44.5,-0.00763,0.4682536,0,TRUE,0,0,0,0.037826654
1565839085125,-6.458,0.136,1206.743,-3.00E-04,0.9946,-5.00E-04,-0.1041,44.56,-0.00763,0.4682536,0,TRUE,0,0,0,0.03273688
1565839085231,-6.357,0.136,1207.228,-3.00E-04,0.9946,-5.00E-04,-0.1034,44.63,-0.00764,0.4682536,0,TRUE,0,0,0,0.037399232
1565839085392,-6.256,0.136,1207.715,-3.00E-04,0.9947,-5.00E-04,-0.1027,44.7,-0.00887,0.4761883,0,TRUE,0,0,0,0.024528304
1565839085549,-6.157,0.136,1208.202,-3.00E-04,0.9948,-5.00E-04,-0.1019,44.78,-0.01162,0.4761883,0,TRUE,0,0,0,0.0281928
1565839085708,-6.058,0.136,1208.69,-3.00E-04,0.9949,-5.00E-04,-0.101,44.85,-0.01259,0.48015565,0,TRUE,0,0,0,0.02431793
1565839085869,-5.96,0.136,1209.179,-2.00E-04,0.995,-5.00E-04,-0.0998,44.93,-0.01309,0.48015565,0,TRUE,0,0,0,0.027122296
1565839086037,-5.864,0.136,1209.669,-2.00E-04,0.9951,-5.00E-04,-0.0986,45,-0.01508,0.48015565,0,TRUE,0,0,0,0.022253059
1565839086195,-5.769,0.136,1210.161,-2.00E-04,0.9953,-5.00E-04,-0.0973,45.08,-0.01799,0.48015565,0,TRUE,0,0,0,0.026662046
1565839086356,-5.675,0.136,1210.654,-1.00E-04,0.9954,-5.00E-04,-0.0958,45.16,-0.02074,0.48015565,0,TRUE,0,0,0,0.025848854
1565839086522,-5.584,0.136,1211.148,0,0.9956,-5.00E-04,-0.0939,45.23,-0.02264,0.48015565,0,TRUE,0,0,0,0.021224726
1565839086642,-5.494,0.136,1211.643,0,0.9958,-6.00E-04,-0.0919,45.31,-0.02269,0.48015565,0,TRUE,0,0,0,0.033128064
1565839086749,-5.407,0.136,1212.139,0,0.996,-6.00E-04,-0.0897,45.39,-0.02269,0.4761883,0,TRUE,0,0,0,0.035873212
1565839086852,-5.322,0.136,1212.637,0,0.9962,-5.00E-04,-0.0876,45.47,-0.02269,0.4761883,0,TRUE,0,0,0,0.03630597
1565839086971,-5.239,0.136,1213.136,0,0.9963,-5.00E-04,-0.0854,45.54,-0.02277,0.4761883,0,TRUE,0,0,0,0.026808912
1565839087109,-5.158,0.136,1213.636,0,0.9965,-5.00E-04,-0.0832,45.62,-0.02297,0.4761883,0,TRUE,0,0,0,0.025750553
1565839087217,-5.079,0.136,1214.138,0,0.9967,-5.00E-04,-0.081,45.7,-0.02304,0.4761883,0,TRUE,0,0,0,0.031990748
1565839087321,-5.003,0.136,1214.64,0,0.9969,-5.00E-04,-0.0788,45.78,-0.02304,0.4761883,0,TRUE,0,0,0,0.03197938
1565839087427,-4.928,0.136,1215.144,0,0.9971,-5.00E-04,-0.0766,45.86,-0.02304,0.4761883,0,TRUE,0,0,0,0.03085612
1565839087531,-4.855,0.136,1215.649,0,0.9972,-5.00E-04,-0.0743,45.93,-0.02304,0.4761883,0,TRUE,0,0,0,0.02674833
1565839087657,-4.785,0.136,1216.155,0,0.9974,-5.00E-04,-0.0721,46.01,-0.02287,0.4761883,0,TRUE,0,0,0,0.024168732
1565839087819,-4.717,0.136,1216.662,0,0.9976,-5.00E-04,-0.0699,46.09,-0.02197,0.4761883,0,TRUE,0,0,0,0.018236699
1565839087976,-4.65,0.136,1217.17,0,0.9977,-5.00E-04,-0.0677,46.17,-0.02129,0.4761883,0,TRUE,0,0,0,0.018505262
1565839088132,-4.586,0.136,1217.68,0,0.9978,-5.00E-04,-0.0656,46.25,-0.02074,0.4761883,0,TRUE,0,0,0,0.017737089
1565839088294,-4.524,0.136,1218.191,0,0.998,-5.00E-04,-0.0635,46.33,-0.01972,0.4761883,0,TRUE,0,0,0,0.016523039
1565839088452,-4.463,0.136,1218.703,-1.00E-04,0.9981,-5.00E-04,-0.0615,46.41,-0.01818,0.4761883,0,TRUE,0,0,0,0.016639965
1565839088614,-4.404,0.136,1219.216,-1.00E-04,0.9982,-5.00E-04,-0.0596,46.49,-0.01564,0.4761883,0,TRUE,0,0,0,0.015675245
1565839088781,-4.347,0.136,1219.73,-1.00E-04,0.9983,-5.00E-04,-0.058,46.58,-0.01215,0.4761883,0,TRUE,0,0,0,0.016498625
1565839088947,-4.29,0.136,1220.245,-2.00E-04,0.9984,-5.00E-04,-0.0566,46.66,-0.00751,0.48015565,0,TRUE,0,0,0,0.014725885
1565839089117,-4.234,0.136,1220.761,-3.00E-04,0.9985,-5.00E-04,-0.0556,46.74,-0.00373,0.48015565,0,TRUE,0,0,0,0.01410424
1565839089285,-4.178,0.136,1221.278,-4.00E-04,0.9985,-5.00E-04,-0.055,46.83,5.80E-04,0.48015565,0,TRUE,0,0,0,0.016025981
1565839089449,-4.121,0.136,1221.796,-5.00E-04,0.9985,-5.00E-04,-0.0548,46.91,0.00352,0.48015565,0,TRUE,0,0,0,0.014818718
1565839089618,-4.064,0.136,1222.314,-6.00E-04,0.9985,-5.00E-04,-0.0549,47,0.00202,0.484123,0,TRUE,0,0,0,0.016181896
1565839089778,-4.006,0.136,1222.834,-6.00E-04,0.9985,-5.00E-04,-0.0552,47.08,-0.00142,0.48015565,0,TRUE,0,0,0,0.015395785
1565839089898,-3.948,0.136,1223.354,-4.00E-04,0.9985,-5.00E-04,-0.0552,47.17,-0.00156,0.4761883,0,TRUE,0,0,0,0.023092208
1565839090005,-3.89,0.136,1223.876,-4.00E-04,0.9985,-5.00E-04,-0.0551,47.26,-0.00156,0.48015565,0,TRUE,0,0,0,0.02580307
1565839090162,-3.833,0.136,1224.399,-4.00E-04,0.9985,-5.00E-04,-0.0549,47.34,-0.0024,0.4761883,0,TRUE,0,0,0,0.015333792
1565839090323,-3.775,0.136,1224.922,-4.00E-04,0.9985,-5.00E-04,-0.0547,47.43,-0.00627,0.4761883,0,TRUE,0,0,0,0.01711699
1565839090484,-3.719,0.136,1225.446,-3.00E-04,0.9985,-5.00E-04,-0.0543,47.51,-0.01145,0.48015565,0,TRUE,0,0,0,0.014665685
1565839090642,-3.663,0.136,1225.972,-2.00E-04,0.9986,-5.00E-04,-0.0535,47.6,-0.0161,0.3888762,0,TRUE,0,0,0,0.016750881
1565839090800,-3.61,0.136,1226.499,-1.00E-04,0.9986,-5.00E-04,-0.0521,47.65,-0.02091,0.4007935,0,TRUE,0,0,0,0.00879705
1565839090961,-3.559,0.136,1227.026,1.00E-04,0.9987,-5.00E-04,-0.0503,47.7,-0.02712,0.47222096,0,TRUE,0,0,0,0.008309745
1565839091120,-3.512,0.136,1227.554,2.00E-04,0.9988,-5.00E-04,-0.0479,47.77,-0.03185,0.49999237,0,TRUE,0,0,0,0.01084385
1565839091278,-3.468,0.136,1228.084,3.00E-04,0.999,-6.00E-04,-0.045,47.86,-0.03173,0.5664149,0,TRUE,0,0,0,0.013090211
1565839091439,-3.428,0.136,1228.615,3.00E-04,0.9991,-6.00E-04,-0.0418,47.98,-0.02868,0.5664149,0,TRUE,0,0,0,0.015551796
1565839091600,-3.39,0.136,1229.148,2.00E-04,0.9992,-6.00E-04,-0.0388,48.12,-0.0261,0.5664149,0,TRUE,0,0,0,0.017178489
1565839091767,-3.356,0.136,1229.682,1.00E-04,0.9994,-6.00E-04,-0.0359,48.25,-0.02548,0.58204013,0,TRUE,0,0,0,0.0137386
1565839091938,-3.324,0.136,1230.219,1.00E-04,0.9994,-6.00E-04,-0.0333,48.39,-0.02287,0.58204013,0,TRUE,0,0,0,0.013528343
1565839092102,-3.294,0.136,1230.757,0,0.9995,-6.00E-04,-0.0308,48.54,-0.01697,0.58204013,0,TRUE,0,0,0,0.0141463
1565839092267,-3.266,0.136,1231.296,-1.00E-04,0.9996,-6.00E-04,-0.0287,48.68,-0.01117,0.58204013,0,TRUE,0,0,0,0.012225641
1565839092425,-3.238,0.136,1231.837,-2.00E-04,0.9996,-6.00E-04,-0.0272,48.83,-0.00709,0.58204013,0,TRUE,0,0,0,0.013630296
1565839092581,-3.211,0.136,1232.38,-4.00E-04,0.9997,-6.00E-04,-0.0262,48.97,-0.00488,0.58204013,0,TRUE,0,0,0,0.012380862
1565839092747,-3.184,0.136,1232.925,-4.00E-04,0.9997,-6.00E-04,-0.0255,49.12,-0.00227,0.5742275,0,TRUE,0,0,0,0.012418618
1565839092908,-3.157,0.136,1233.471,-4.00E-04,0.9997,-6.00E-04,-0.0251,49.26,-6.00E-05,0.5742275,0,TRUE,0,0,0,0.01193214
1565839093068,-3.13,0.136,1234.019,-5.00E-04,0.9997,-6.00E-04,-0.0249,49.4,6.30E-04,0.5742275,0,TRUE,0,0,0,0.011959025
1565839093177,-3.103,0.136,1234.568,-5.00E-04,0.9997,-6.00E-04,-0.0249,49.55,6.30E-04,0.5742275,0,TRUE,0,0,0,0.01877867
1565839093280,-3.075,0.136,1235.119,-5.00E-04,0.9997,-6.00E-04,-0.025,49.69,6.30E-04,0.5742275,0,TRUE,0,0,0,0.019160684
1565839093390,-3.047,0.136,1235.671,-5.00E-04,0.9997,-6.00E-04,-0.0251,49.84,6.30E-04,0.5742275,0,TRUE,0,0,0,0.019189414
1565839093497,-3.019,0.136,1236.226,-5.00E-04,0.9997,-6.00E-04,-0.0251,49.98,6.20E-04,0.5742275,0,TRUE,0,0,0,0.018314894
1565839093653,-2.991,0.136,1236.781,-5.00E-04,0.9997,-6.00E-04,-0.0252,50.13,-1.00E-04,0.5742275,0,TRUE,0,0,0,0.013456792
1565839093819,-2.963,0.136,1237.339,-4.00E-04,0.9997,-6.00E-04,-0.0252,50.28,-0.00298,0.5742275,0,TRUE,0,0,0,0.012579484
1565839094003,-2.935,0.136,1237.898,-4.00E-04,0.9997,-6.00E-04,-0.025,50.42,-0.00705,0.5742275,0,TRUE,0,0,0,0.010574036
1565839094167,-2.908,0.136,1238.458,-3.00E-04,0.9997,-6.00E-04,-0.0245,50.57,-0.01052,0.5742275,0,TRUE,0,0,0,0.012234178
1565839094297,-2.883,0.136,1239.021,-1.00E-04,0.9997,-6.00E-04,-0.0236,50.72,-0.01069,0.5781338,0,TRUE,0,0,0,0.014218846
1565839094436,-2.859,0.136,1239.585,-1.00E-04,0.9997,-6.00E-04,-0.0225,50.87,-0.01047,0.5703212,0,TRUE,0,0,0,0.012744782
1565839094544,-2.836,0.136,1240.151,-1.00E-04,0.9998,-6.00E-04,-0.0214,51.02,-0.01046,0.5703212,0,TRUE,0,0,0,0.015663614
1565839094650,-2.814,0.136,1240.718,-2.00E-04,0.9998,-6.00E-04,-0.0202,51.16,-0.01047,0.5703212,0,TRUE,0,0,0,0.014223927
1565839094815,-2.794,0.136,1241.287,-2.00E-04,0.9998,-6.00E-04,-0.0191,51.31,-0.0109,0.5703212,0,TRUE,0,0,0,0.008871184
1565839094982,-2.775,0.136,1241.858,-2.00E-04,0.9998,-6.00E-04,-0.0179,51.46,-0.01256,0.5703212,0,TRUE,0,0,0,0.008296683
1565839095119,-2.758,0.136,1242.431,-1.00E-04,0.9999,-6.00E-04,-0.0167,51.61,-0.01282,0.5703212,0,TRUE,0,0,0,0.0090195
1565839095279,-2.742,0.136,1243.005,-1.00E-04,0.9999,-6.00E-04,-0.0153,51.76,-0.01167,0.5703212,0,TRUE,0,0,0,0.007256299
1565839095439,-2.727,0.136,1243.581,-1.00E-04,0.9999,-6.00E-04,-0.0139,51.91,-0.00742,0.5703212,0,TRUE,0,0,0,0.006778917
1565839095600,-2.714,0.136,1244.159,-2.00E-04,0.9999,-6.00E-04,-0.0128,52.06,-0.00525,0.5703212,0,TRUE,0,0,0,0.005819306
1565839095717,-2.701,0.136,1244.738,-3.00E-04,0.9999,-6.00E-04,-0.0121,52.21,-0.00515,0.5703212,0,TRUE,0,0,0,0.00799406
1565839095823,-2.688,0.136,1245.32,-3.00E-04,0.9999,-6.00E-04,-0.0115,52.36,-0.00515,0.5703212,0,TRUE,0,0,0,0.008779455
1565839095927,-2.676,0.136,1245.902,-3.00E-04,0.9999,-6.00E-04,-0.0109,52.52,-0.00515,0.5703212,0,TRUE,0,0,0,0.008808883
1565839096080,-2.665,0.136,1246.487,-3.00E-04,0.9999,-6.00E-04,-0.0103,52.67,-0.00431,0.5703212,0,TRUE,0,0,0,0.00511912
1565839096238,-2.654,0.136,1247.073,-3.00E-04,1,-6.00E-04,-0.0098,52.82,-0.00298,0.5703212,0,TRUE,0,0,0,0.004949915
1565839096341,-2.643,0.136,1247.661,-3.00E-04,1,-6.00E-04,-0.0094,52.98,-0.00298,0.5703212,0,TRUE,0,0,0,0.008070789
1565839096441,-2.633,0.136,1248.251,-4.00E-04,1,-6.00E-04,-0.009,53.13,-0.00298,0.5703212,0,TRUE,0,0,0,0.007061608
1565839096543,-2.623,0.136,1248.842,-4.00E-04,1,-6.00E-04,-0.0087,53.29,-0.00298,0.5703212,0,TRUE,0,0,0,0.007370883
1565839096646,-2.614,0.136,1249.435,-4.00E-04,1,-6.00E-04,-0.0084,53.44,-0.00298,0.5703212,0,TRUE,0,0,0,0.006138487
1565839096746,-2.605,0.136,1250.03,-3.00E-04,1,-6.00E-04,-0.008,53.6,-0.00298,0.5703212,0,TRUE,0,0,0,0.006722292
1565839096851,-2.596,0.136,1250.627,-3.00E-04,1,-6.00E-04,-0.0077,53.75,-0.00298,0.5703212,0,TRUE,0,0,0,0.005982479
1565839096955,-2.587,0.136,1251.225,-3.00E-04,1,-6.00E-04,-0.0073,53.91,-0.00298,0.5703212,0,TRUE,0,0,0,0.006430765
1565839097059,-2.579,0.136,1251.825,-3.00E-04,1,-6.00E-04,-0.007,54.06,-0.00298,0.5742275,0,TRUE,0,0,0,0.00534161
1565839097178,-2.572,0.136,1252.427,-3.00E-04,1,-6.00E-04,-0.0066,54.22,-0.00298,0.55078965,0,TRUE,0,0,0,0.004342139
1565839097317,-2.565,0.136,1253.03,-3.00E-04,1,-6.00E-04,-0.0063,54.37,-0.00298,0.49602503,0,TRUE,0,0,0,0.003479343
1565839097447,-2.558,0.136,1253.635,-3.00E-04,1,-6.00E-04,-0.0059,54.49,-0.00298,0.4444343,0,TRUE,0,0,0,0.002966683
1565839097578,-2.552,0.136,1254.242,-3.00E-04,1,-6.00E-04,-0.0056,54.59,-0.00298,0.5000076,0,TRUE,0,0,0,0.002096098
1565839097686,-2.546,0.136,1254.849,-3.00E-04,1,-6.00E-04,-0.0052,54.7,-0.00298,0.51563287,0,TRUE,0,0,0,0.002796233
1565839097791,-2.54,0.136,1255.457,-3.00E-04,1,-6.00E-04,-0.0049,54.82,-0.00298,0.5195392,0,TRUE,0,0,0,0.003132508
1565839097892,-2.535,0.136,1256.068,-3.00E-04,1,-6.00E-04,-0.0045,54.95,-0.00298,0.5195392,0,TRUE,0,0,0,0.002925861
1565839097994,-2.53,0.136,1256.679,-3.00E-04,1,-6.00E-04,-0.0042,55.08,-0.00298,0.5195392,0,TRUE,0,0,0,0.002897314
1565839098101,-2.526,0.136,1257.292,-3.00E-04,1,-6.00E-04,-0.0038,55.21,-0.00298,0.5195392,0,TRUE,0,0,0,0.002201944
1565839098201,-2.522,0.136,1257.906,-3.00E-04,1,-6.00E-04,-0.0035,55.34,-0.00298,0.5195392,0,TRUE,0,0,0,0.002352402
1565839098304,-2.519,0.136,1258.522,-3.00E-04,1,-6.00E-04,-0.0031,55.47,-0.00298,0.5195392,0,TRUE,0,0,0,0.001707533
1565839098410,-2.516,0.136,1259.14,-3.00E-04,1,-6.00E-04,-0.0028,55.6,-0.00298,0.5195392,0,TRUE,0,0,0,0.001653587
1565839098515,-2.513,0.136,1259.758,-3.00E-04,1,-6.00E-04,-0.0024,55.73,-0.00298,0.5234455,0,TRUE,0,0,0,0.001669384
1565839098617,-2.511,0.136,1260.379,-3.00E-04,1,-6.00E-04,-0.0021,55.87,-0.00298,0.5234455,0,TRUE,0,0,0,0.001228004
1565839098719,-2.509,0.136,1261,-3.00E-04,1,-6.00E-04,-0.0017,56,-0.00298,0.5234455,0,TRUE,0,0,0,0.001140168
1565839098825,-2.508,0.136,1261.623,-3.00E-04,1,-6.00E-04,-0.0013,56.13,-0.00298,0.5234455,0,TRUE,0,0,0,5.47E-04
1565839098929,-2.507,0.136,1262.248,-3.00E-04,1,-6.00E-04,-0.001,56.27,-0.00298,0.5234455,0,TRUE,0,0,0,5.98E-04
1565839099067,-2.507,0.136,1262.874,-3.00E-04,1,-6.00E-04,-6.00E-04,56.4,-0.00267,0.5234455,0,TRUE,0,0,0,0
1565839099225,-2.507,0.136,1263.502,-3.00E-04,1,-6.00E-04,-3.00E-04,56.54,-3.80E-04,0.5234455,0,TRUE,0,0,0,0
1565839099379,-2.507,0.136,1264.131,-4.00E-04,1,-6.00E-04,-1.00E-04,56.67,0.00304,0.50782025,0,TRUE,0,0,0,0
1565839099537,-2.506,0.136,1264.762,-5.00E-04,1,-6.00E-04,-2.00E-04,56.8,0.00588,0.50782025,0,TRUE,0,0,0,3.62E-04
1565839099698,-2.505,0.136,1265.394,-6.00E-04,1,-6.00E-04,-7.00E-04,56.92,0.0093,0.50782025,0,TRUE,0,0,0,3.28E-04
1565839099854,-2.502,0.136,1266.027,-7.00E-04,1,-6.00E-04,-0.0016,57.05,0.01164,0.50782025,0,TRUE,0,0,0,0.001097187
1565839100015,-2.497,0.136,1266.662,-8.00E-04,1,-6.00E-04,-0.0028,57.17,0.01452,0.50782025,0,TRUE,0,0,0,0.001630178
1565839100175,-2.49,0.136,1267.298,-9.00E-04,1,-6.00E-04,-0.0043,57.3,0.02019,0.5000076,0,TRUE,0,0,0,0.002483971
1565839100334,-2.479,0.136,1267.936,-0.0011,1,-6.00E-04,-0.0064,57.42,0.02657,0.4364996,0,TRUE,0,0,0,0.003613601
1565839100490,-2.465,0.136,1268.574,-0.0013,1,-6.00E-04,-0.0091,57.51,0.03289,0.1825437,0,TRUE,0,0,0,0.003516136
1565839100658,-2.444,0.136,1269.213,-0.0015,0.9999,-5.00E-04,-0.0127,57.45,0.04003,0,0,TRUE,0,0,0,-0.003258203
1565839100815,-2.418,0.136,1269.85,-0.0017,0.9999,-4.00E-04,-0.017,57.34,0.04875,0,0,TRUE,0,0,0,-0.007937633
1565839100970,-2.384,0.136,1270.485,-0.002,0.9998,-4.00E-04,-0.0222,57.23,0.05827,0,0,TRUE,0,0,0,-0.010539906
1565839101131,-2.34,0.136,1271.119,-0.0023,0.9996,-4.00E-04,-0.0286,57.11,0.06947,0,0,TRUE,0,0,0,-0.014333355
1565839101289,-2.286,0.136,1271.75,-0.0026,0.9993,-3.00E-04,-0.0361,56.99,0.08255,0,0,TRUE,0,0,0,-0.017989105
1565839101450,-2.219,0.136,1272.379,-0.003,0.999,-3.00E-04,-0.0451,56.86,0.09401,0,0,TRUE,0,0,0,-0.023755977
1565839101612,-2.137,0.136,1273.005,-0.0034,0.9985,-2.00E-04,-0.0555,56.73,0.10601,0,0,TRUE,0,0,0,-0.028952805
1565839101767,-2.039,0.136,1273.627,-0.0038,0.9977,-2.00E-04,-0.0672,56.59,0.11871,0,0,TRUE,0,0,0,-0.039051566
1565839101921,-1.924,0.136,1274.244,-0.0041,0.9968,-1.00E-04,-0.0805,56.44,0.12889,0,0,TRUE,0,0,0,-0.049570713
1565839102084,-1.789,0.136,1274.855,-0.0044,0.9955,0,-0.095,56.29,0.14427,0,0,TRUE,0,0,0,-0.05515218
1565839102240,-1.633,0.136,1275.46,-0.0048,0.9938,2.00E-04,-0.1109,56.12,0.16024,0,0,TRUE,0,0,0,-0.075584285
1565839102395,-1.454,0.136,1276.055,-0.0053,0.9917,3.00E-04,-0.1286,55.94,0.17226,0,0,TRUE,0,0,0,-0.092917874
1565839102558,-1.251,0.136,1276.642,-0.0057,0.989,5.00E-04,-0.1479,55.75,0.1801,0,0,TRUE,0,0,0,-0.105838664
1565839102715,-1.023,0.136,1277.216,-0.0059,0.9857,7.00E-04,-0.1683,55.57,0.1819,0,0,TRUE,0,0,0,-0.11757043
1565839102853,-0.771,0.136,1277.779,-0.0058,0.9819,8.00E-04,-0.1891,55.4,0.18134,0,0,TRUE,0,0,0,-0.13977528
1565839103013,-0.496,0.136,1278.328,-0.0057,0.9777,9.00E-04,-0.2099,55.24,0.17626,0,0,TRUE,0,0,0,-0.12441585
1565839103170,-0.199,0.136,1278.864,-0.0055,0.9731,0.001,-0.2303,55.1,0.16824,0,0,TRUE,0,0,0,-0.120054305
1565839103326,0.118,0.136,1279.387,-0.0052,0.9683,0.001,-0.2499,54.97,0.15721,0,0,TRUE,0,0,0,-0.11999164
1565839103485,0.452,0.136,1279.897,-0.0048,0.9633,0.001,-0.2682,54.85,0.14329,0,0,TRUE,0,0,0,-0.11485811
1565839103645,0.802,0.136,1280.395,-0.0044,0.9585,9.00E-04,-0.2851,54.74,0.12863,0,0,TRUE,0,0,0,-0.10979987
1565839103802,1.166,0.136,1280.882,-0.0039,0.9539,8.00E-04,-0.3003,54.64,0.11385,0,0,TRUE,0,0,0,-0.105935186
1565839103961,1.54,0.136,1281.359,-0.0035,0.9495,7.00E-04,-0.3137,54.55,0.10159,0,0,TRUE,0,0,0,-0.09700945
1565839104116,1.925,0.136,1281.827,-0.0031,0.9455,6.00E-04,-0.3256,54.45,0.08731,0,0,TRUE,0,0,0,-0.11384916
1565839104275,2.318,0.136,1282.286,-0.0027,0.9419,5.00E-04,-0.336,54.35,0.07631,0,0,TRUE,0,0,0,-0.11362862
1565839104431,2.717,0.136,1282.738,-0.0024,0.9386,4.00E-04,-0.3449,54.25,0.06799,0,0,TRUE,0,0,0,-0.117833756
1565839104590,3.122,0.136,1283.184,-0.0022,0.9357,4.00E-04,-0.3528,54.15,0.06205,0,0,TRUE,0,0,0,-0.1174551
1565839104751,3.532,0.136,1283.623,-0.0021,0.933,3.00E-04,-0.3598,54.05,0.05886,0,0,TRUE,0,0,0,-0.11775345
1565839104912,3.947,0.136,1284.056,-0.002,0.9305,3.00E-04,-0.3662,53.95,0.05216,0,0,TRUE,0,0,0,-0.11938317
1565839105070,4.366,0.136,1284.484,-0.0019,0.9282,3.00E-04,-0.3721,53.85,0.04393,0,0,TRUE,0,0,0,-0.122993656
1565839105235,4.789,0.136,1284.907,-0.0017,0.9261,2.00E-04,-0.3773,53.75,0.0399,0,0,TRUE,0,0,0,-0.11904342
1565839105393,5.214,0.136,1285.325,-0.0015,0.9243,1.00E-04,-0.3817,53.65,0.03782,0,0,TRUE,0,0,0,-0.12534623
1565839105550,5.641,0.136,1285.74,-0.0014,0.9226,1.00E-04,-0.3858,53.55,0.03402,0,0,TRUE,0,0,0,-0.1268745
1565839105710,6.071,0.136,1286.15,-0.0014,0.921,1.00E-04,-0.3896,53.45,0.02826,0,0,TRUE,0,0,0,-0.12564202
1565839105875,6.503,0.136,1286.557,-0.0013,0.9196,1.00E-04,-0.3928,53.35,0.0206,0,0,TRUE,0,0,0,-0.12253955
1565839106033,6.935,0.136,1286.962,-0.0011,0.9185,0,-0.3954,53.25,0.01447,0,0,TRUE,0,0,0,-0.12825274
1565839106198,7.368,0.136,1287.364,-9.00E-04,0.9177,-1.00E-04,-0.3973,53.15,0.00801,0,0,TRUE,0,0,0,-0.12337737
1565839106359,7.801,0.136,1287.765,-7.00E-04,0.9172,-2.00E-04,-0.3985,53.05,0.00284,0,0,TRUE,0,0,0,-0.12658975
1565839106522,8.232,0.136,1288.166,-6.00E-04,0.9169,-2.00E-04,-0.3992,52.95,-2.30E-04,0,0,TRUE,0,0,0,-0.12476411
1565839106675,8.663,0.136,1288.566,-5.00E-04,0.9168,-3.00E-04,-0.3993,52.85,-0.00359,0,0,TRUE,0,0,0,-0.13307391
1565839106832,9.092,0.136,1288.966,-4.00E-04,0.9169,-3.00E-04,-0.3992,52.75,-0.00716,0,0,TRUE,0,0,0,-0.1294174
1565839106991,9.519,0.136,1289.366,-4.00E-04,0.9171,-3.00E-04,-0.3987,52.64,-0.00786,0,0,TRUE,0,0,0,-0.14024557
1565839107098,9.945,0.136,1289.766,-3.00E-04,0.9174,-3.00E-04,-0.398,52.54,-0.00782,0,0,TRUE,0,0,0,-0.18924482
1565839107201,10.37,0.136,1290.165,-4.00E-04,0.9177,-3.00E-04,-0.3972,52.44,-0.00782,0,0,TRUE,0,0,0,-0.19661044
1565839107341,10.793,0.136,1290.565,-4.00E-04,0.9181,-3.00E-04,-0.3964,52.34,-0.00753,0,0,TRUE,0,0,0,-0.14417803
1565839107498,11.214,0.136,1290.965,-4.00E-04,0.9184,-3.00E-04,-0.3956,52.24,-0.00649,0,0,TRUE,0,0,0,-0.12825975
1565839107658,11.634,0.136,1291.365,-4.00E-04,0.9187,-3.00E-04,-0.3949,52.14,-0.00449,0,0,TRUE,0,0,0,-0.12571763
1565839107816,12.053,0.136,1291.764,-5.00E-04,0.919,-3.00E-04,-0.3943,52.04,-0.00232,0,0,TRUE,0,0,0,-0.12730788
1565839107984,12.471,0.136,1292.163,-5.00E-04,0.9191,-3.00E-04,-0.394,51.94,-6.00E-05,0,0,TRUE,0,0,0,-0.11961569
1565839108150,12.888,0.136,1292.561,-6.00E-04,0.9192,-2.00E-04,-0.3938,51.84,0.00274,0,0,TRUE,0,0,0,-0.121037826
1565839108305,13.305,0.136,1292.957,-7.00E-04,0.9191,-2.00E-04,-0.394,51.74,0.00513,0,0,TRUE,0,0,0,-0.1299503
1565839108470,13.721,0.136,1293.352,-7.00E-04,0.919,-2.00E-04,-0.3943,51.64,0.00699,0,0,TRUE,0,0,0,-0.122082934
1565839108636,14.138,0.136,1293.746,-8.00E-04,0.9187,-2.00E-04,-0.3949,51.54,0.00977,0,0,TRUE,0,0,0,-0.12164086
1565839108798,14.554,0.136,1294.138,-8.00E-04,0.9184,-1.00E-04,-0.3957,51.43,0.01301,0,0,TRUE,0,0,0,-0.1372777
1565839108951,14.971,0.136,1294.528,-9.00E-04,0.9179,-1.00E-04,-0.3968,51.33,0.01395,0,0,TRUE,0,0,0,-0.13259475
1565839109107,15.388,0.136,1294.916,-9.00E-04,0.9173,-1.00E-04,-0.3981,51.23,0.01483,0,0,TRUE,0,0,0,-0.130354
1565839109267,15.806,0.136,1295.301,-9.00E-04,0.9167,-1.00E-04,-0.3996,51.13,0.0197,0,0,TRUE,0,0,0,-0.12769541
1565839109429,16.225,0.136,1295.685,-0.001,0.916,0,-0.4012,51.03,0.02577,0,0,TRUE,0,0,0,-0.1264087
1565839109593,16.645,0.136,1296.064,-0.0012,0.915,0,-0.4034,50.92,0.03421,0,0,TRUE,0,0,0,-0.13833864
1565839109754,17.067,0.136,1296.44,-0.0014,0.9137,1.00E-04,-0.4063,50.82,0.04578,0,0,TRUE,0,0,0,-0.12881924
1565839109909,17.493,0.136,1296.81,-0.0016,0.912,3.00E-04,-0.4101,50.71,0.05676,0,0,TRUE,0,0,0,-0.1488132
1565839110068,17.922,0.136,1297.174,-0.0019,0.9098,4.00E-04,-0.415,50.59,0.06611,0,0,TRUE,0,0,0,-0.1598738
1565839110225,18.356,0.136,1297.53,-0.0021,0.9071,5.00E-04,-0.4208,50.48,0.07516,0,0,TRUE,0,0,0,-0.15046144
1565839110390,18.795,0.136,1297.878,-0.0023,0.904,6.00E-04,-0.4275,50.36,0.08293,0,0,TRUE,0,0,0,-0.15830716
1565839110553,19.239,0.136,1298.217,-0.0025,0.9004,7.00E-04,-0.435,50.24,0.08789,0,0,TRUE,0,0,0,-0.16253932
1565839110710,19.689,0.136,1298.546,-0.0025,0.8965,8.00E-04,-0.443,50.13,0.08927,0,0,TRUE,0,0,0,-0.15711413
1565839110851,20.144,0.136,1298.866,-0.0025,0.8923,8.00E-04,-0.4513,50.01,0.08971,0,0,TRUE,0,0,0,-0.19338706
1565839111007,20.604,0.136,1299.176,-0.0025,0.8881,8.00E-04,-0.4597,49.9,0.09165,0,0,TRUE,0,0,0,-0.16241334
1565839111169,21.069,0.136,1299.477,-0.0025,0.8837,8.00E-04,-0.4681,49.79,0.09393,0,0,TRUE,0,0,0,-0.1583338
1565839111324,21.539,0.136,1299.768,-0.0025,0.8791,9.00E-04,-0.4767,49.67,0.09703,0,0,TRUE,0,0,0,-0.1828671
1565839111490,22.014,0.136,1300.048,-0.0026,0.8743,9.00E-04,-0.4854,49.56,0.10061,0,0,TRUE,0,0,0,-0.15856117
1565839111647,22.493,0.136,1300.317,-0.0026,0.8692,0.001,-0.4944,49.44,0.1031,0,0,TRUE,0,0,0,-0.18511724
1565839111803,22.977,0.136,1300.576,0.0027,-0.864,-0.0011,0.5035,49.32,0.10526,0,0,TRUE,0,0,0,-0.18838958
1565839111969,23.465,0.136,1300.822,0.0027,-0.8585,-0.0011,0.5128,49.21,0.10725,0,0,TRUE,0,0,0,-0.16437134
1565839112093,23.958,0.136,1301.057,0.0027,-0.8528,-0.0012,0.5222,49.09,0.10743,0,0,TRUE,0,0,0,-0.24265958
1565839112194,24.455,0.136,1301.281,0.0027,-0.847,-0.0012,0.5317,48.97,0.10743,0,0,TRUE,0,0,0,-0.30088237
1565839112297,24.955,0.136,1301.493,0.0026,-0.841,-0.0012,0.541,48.86,0.10743,0,0,TRUE,0,0,0,-0.27311423
1565839112399,25.459,0.136,1301.693,0.0026,-0.835,-0.0012,0.5503,48.75,0.10743,0,0,TRUE,0,0,0,-0.27845296
1565839112530,25.966,0.136,1301.882,0.0026,-0.8289,-0.0012,0.5594,48.63,0.10769,0,0,TRUE,0,0,0,-0.23842847
1565839112688,26.476,0.136,1302.058,0.0026,-0.8226,-0.0013,0.5685,48.52,0.10876,0.10713357,0,TRUE,0,0,0,-0.18280825
1565839112842,26.988,0.136,1302.223,0.0026,-0.8163,-0.0013,0.5776,48.4,0.10941,0.20238042,0,TRUE,0,0,0,-0.20601012
1565839112972,27.503,0.136,1302.377,0.0026,-0.8098,-0.0013,0.5866,48.29,0.10941,0.26984054,0,TRUE,0,0,0,-0.22519973
1565839113133,28.02,0.136,1302.518,0.0026,-0.8033,-0.0014,0.5956,48.23,0.10889,0.32936597,0,TRUE,0,0,0,-0.09987476
1565839113288,28.54,0.136,1302.648,0.0025,-0.7966,-0.0014,0.6045,48.23,0.10566,0.35713738,0,TRUE,0,0,0,0
1565839113449,29.063,0.136,1302.766,0.0025,-0.7899,-0.0013,0.6132,48.24,0.09847,0.3809415,0,TRUE,0,0,0,0.016833529
1565839113610,29.588,0.136,1302.875,0.0023,-0.7835,-0.0012,0.6214,48.28,0.08361,0.3888762,0,TRUE,0,0,0,0.067566976
1565839113766,30.115,0.136,1302.974,0.0021,-0.7776,-0.001,0.6288,48.33,0.06084,0.3809415,0,TRUE,0,0,0,0.08750616
1565839113926,30.644,0.136,1303.069,0.0016,-0.7728,-7.00E-04,0.6346,48.38,0.03763,0.22221714,0,TRUE,0,0,0,0.08543829
1565839114083,31.174,0.136,1303.161,0.0011,-0.7695,-3.00E-04,0.6387,48.36,0.02359,0.12698561,0,TRUE,0,0,0,-0.034864683
1565839114247,31.703,0.136,1303.252,8.00E-04,-0.7674,0,0.6412,48.28,0.01372,0.11111617,0,TRUE,0,0,0,-0.1335454
1565839114402,32.231,0.136,1303.342,7.00E-04,-0.766,0,0.6428,48.18,0.0038,0.09919888,0,TRUE,0,0,0,-0.17665583
1565839114565,32.758,0.136,1303.433,6.00E-04,-0.7654,1.00E-04,0.6436,48.08,-0.0051,0.063492805,0,TRUE,0,0,0,-0.16793114
1565839114727,33.284,0.136,1303.524,4.00E-04,-0.7654,2.00E-04,0.6436,47.98,-0.01149,0,0,TRUE,0,0,0,-0.16895834
1565839114883,33.808,0.136,1303.617,3.00E-04,-0.7658,3.00E-04,0.643,47.88,-0.01246,0,0,TRUE,0,0,0,-0.17532612
1565839115038,34.331,0.136,1303.712,3.00E-04,-0.7666,3.00E-04,0.6421,47.78,-0.00967,0.09523153,0,TRUE,0,0,0,-0.17632474
1565839115197,34.853,0.136,1303.808,4.00E-04,-0.7673,2.00E-04,0.6413,47.68,-0.00365,0.3015793,0,TRUE,0,0,0,-0.17182194
1565839115357,35.374,0.136,1303.904,6.00E-04,-0.7677,1.00E-04,0.6408,47.65,0.00353,0.36110473,0,TRUE,0,0,0,-0.05121776
1565839115517,35.895,0.136,1303.999,7.00E-04,-0.7678,0,0.6407,47.67,0.01005,0.37300676,0,TRUE,0,0,0,0.0341536
1565839115676,36.416,0.136,1304.092,9.00E-04,-0.7674,-1.00E-04,0.6412,47.7,0.0142,0.32539862,0,TRUE,0,0,0,0.051599506
1565839115834,36.938,0.136,1304.184,0.001,-0.7667,-1.00E-04,0.6421,47.72,0.0177,0.30554664,0,TRUE,0,0,0,0.03462975
1565839115990,37.461,0.136,1304.273,0.001,-0.7657,-2.00E-04,0.6433,47.72,0.02316,0.2936446,0,TRUE,0,0,0,0
1565839116147,37.984,0.136,1304.36,0.0011,-0.7644,-2.00E-04,0.6448,47.71,0.02966,0.24998856,0,TRUE,0,0,0,-0.017456561
1565839116307,38.508,0.136,1304.443,0.0012,-0.7627,-3.00E-04,0.6468,47.68,0.03569,0.20634776,0,TRUE,0,0,0,-0.05143979
1565839116464,39.031,0.136,1304.522,0.0013,-0.7606,-5.00E-04,0.6492,47.6,0.04002,0.1706264,0,TRUE,0,0,0,-0.13995917
1565839116629,39.554,0.136,1304.596,0.0013,-0.7582,-6.00E-04,0.6521,47.49,0.04349,0.15078968,0,TRUE,0,0,0,-0.18335481
1565839116791,40.076,0.136,1304.665,0.0014,-0.7555,-6.00E-04,0.6552,47.39,0.04685,0.15078968,0,TRUE,0,0,0,-0.16998914
1565839116946,40.598,0.136,1304.728,0.0014,-0.7525,-6.00E-04,0.6585,47.28,0.05153,0.15078968,0,TRUE,0,0,0,-0.19571401
1565839117101,41.12,0.136,1304.786,0.0015,-0.7493,-7.00E-04,0.6622,47.17,0.05543,0.15078968,0,TRUE,0,0,0,-0.19592868
1565839117260,41.641,0.136,1304.838,0.0015,-0.7458,-8.00E-04,0.6661,47.07,0.05942,0.15078968,0,TRUE,0,0,0,-0.17383657
1565839117414,42.161,0.136,1304.883,0.0016,-0.7421,-8.00E-04,0.6703,46.96,0.05964,0.15078968,0,TRUE,0,0,0,-0.19767356
1565839117572,42.681,0.136,1304.922,0.0016,-0.7381,-8.00E-04,0.6747,46.86,0.05606,0.14682233,0,TRUE,0,0,0,-0.17531519
1565839117728,43.2,0.136,1304.955,0.0015,-0.7343,-8.00E-04,0.6789,46.75,0.04685,0.14682233,0,TRUE,0,0,0,-0.19547626
1565839117886,43.718,0.136,1304.983,0.0013,-0.7308,-6.00E-04,0.6826,46.66,0.03694,0.14682233,0,TRUE,0,0,0,-0.15799622
1565839118047,44.235,0.136,1305.008,0.0011,-0.7279,-4.00E-04,0.6857,46.56,0.02869,0.14682233,0,TRUE,0,0,0,-0.1723284
1565839118207,44.751,0.136,1305.031,9.00E-04,-0.7256,-3.00E-04,0.6881,46.46,0.01846,0.15078968,0,TRUE,0,0,0,-0.17344363
1565839118381,45.266,0.136,1305.052,8.00E-04,-0.724,-1.00E-04,0.6898,46.36,0.00669,0.15078968,0,TRUE,0,0,0,-0.15950745
1565839118542,45.78,0.136,1305.074,6.00E-04,-0.7231,0,0.6908,46.26,-0.00401,0.15078968,0,TRUE,0,0,0,-0.17237929
1565839118699,46.293,0.136,1305.097,5.00E-04,-0.7229,2.00E-04,0.691,46.16,-0.00972,0.15872437,0,TRUE,0,0,0,-0.17674716
1565839118859,46.805,0.136,1305.121,4.00E-04,-0.7233,3.00E-04,0.6906,46.06,-0.01335,0.19047838,0,TRUE,0,0,0,-0.17341922
1565839119021,47.315,0.136,1305.147,3.00E-04,-0.724,3.00E-04,0.6898,45.95,-0.01666,0.30554664,0,TRUE,0,0,0,-0.18837094
1565839119177,47.825,0.136,1305.175,3.00E-04,-0.725,3.00E-04,0.6888,45.93,-0.01946,0.36110473,0,TRUE,0,0,0,-0.03555951
1565839119316,48.334,0.136,1305.206,3.00E-04,-0.7262,4.00E-04,0.6875,45.94,-0.0196,0.3809415,0,TRUE,0,0,0,0.019943692
1565839119471,48.844,0.136,1305.238,3.00E-04,-0.7275,4.00E-04,0.6862,45.97,-0.01813,0.3888762,0,TRUE,0,0,0,0.053662676
1565839119625,49.354,0.136,1305.272,4.00E-04,-0.7287,4.00E-04,0.6848,46.01,-0.01543,0.40872818,0,TRUE,0,0,0,0.07198566
1565839119781,49.864,0.136,1305.308,5.00E-04,-0.7298,3.00E-04,0.6836,46.05,-0.01497,0.42459756,0,TRUE,0,0,0,0.0710498
1565839119941,50.375,0.136,1305.345,5.00E-04,-0.7309,3.00E-04,0.6825,46.1,-0.01641,0.4364996,0,TRUE,0,0,0,0.08657773
1565839120103,50.886,0.136,1305.384,5.00E-04,-0.7319,3.00E-04,0.6814,46.16,-0.02039,0.46030366,0,TRUE,0,0,0,0.10258374
1565839120268,51.398,0.136,1305.425,4.00E-04,-0.7331,4.00E-04,0.6801,46.23,-0.02193,0.484123,0,TRUE,0,0,0,0.117468275
1565839120397,51.91,0.136,1305.468,3.00E-04,-0.7345,4.00E-04,0.6786,46.31,-0.02193,0.5351644,0,TRUE,0,0,0,0.17166577
1565839120523,52.424,0.136,1305.514,3.00E-04,-0.736,5.00E-04,0.677,46.41,-0.0219,0.5781338,0,TRUE,0,0,0,0.21957685
1565839120684,52.938,0.136,1305.563,4.00E-04,-0.7374,4.00E-04,0.6754,46.54,-0.02145,0.58985275,0,TRUE,0,0,0,0.2232842
1565839120842,53.454,0.136,1305.613,4.00E-04,-0.7389,4.00E-04,0.6739,46.68,-0.02022,0.6015717,0,TRUE,0,0,0,0.24498144
1565839120998,53.971,0.136,1305.666,4.00E-04,-0.7403,4.00E-04,0.6723,46.82,-0.01982,0.6406348,0,TRUE,0,0,0,0.24798802
1565839121138,54.489,0.136,1305.721,4.00E-04,-0.7416,4.00E-04,0.6708,46.98,-0.01972,0.67579156,0,TRUE,0,0,0,0.31568992
1565839121292,55.009,0.136,1305.778,4.00E-04,-0.7429,4.00E-04,0.6694,47.16,-0.01862,0.66407263,0,TRUE,0,0,0,0.32274225
1565839121464,55.531,0.136,1305.837,4.00E-04,-0.7442,4.00E-04,0.6679,47.34,-0.01676,0.6484474,0,TRUE,0,0,0,0.28885388
1565839121624,56.055,0.136,1305.898,5.00E-04,-0.7454,4.00E-04,0.6666,47.51,-0.01419,0.6484474,0,TRUE,0,0,0,0.29316157
1565839121782,56.58,0.136,1305.961,5.00E-04,-0.7465,4.00E-04,0.6654,47.69,-0.00776,0.6445411,0,TRUE,0,0,0,0.31419426
1565839121951,57.108,0.136,1306.024,6.00E-04,-0.7472,3.00E-04,0.6646,47.86,-0.00298,0.6445411,0,TRUE,0,0,0,0.2774574
1565839122117,57.637,0.136,1306.088,7.00E-04,-0.7476,2.00E-04,0.6641,48.03,0.00234,0.6445411,0,TRUE,0,0,0,0.2824111
1565839122271,58.168,0.136,1306.151,8.00E-04,-0.7477,1.00E-04,0.664,48.2,0.00398,0.63282216,0,TRUE,0,0,0,0.30450648
1565839122398,58.701,0.136,1306.214,8.00E-04,-0.7475,1.00E-04,0.6642,48.37,0.00407,0.62500954,0,TRUE,0,0,0,0.369255
1565839122554,59.236,0.136,1306.276,8.00E-04,-0.7473,1.00E-04,0.6645,48.54,0.00778,0.62500954,0,TRUE,0,0,0,0.3006969
1565839122712,59.773,0.136,1306.338,9.00E-04,-0.7469,0,0.665,48.71,0.01085,0.63672847,0,TRUE,0,0,0,0.29689857
1565839122816,60.312,0.136,1306.399,9.00E-04,-0.7463,0,0.6657,48.88,0.01085,0.63672847,0,TRUE,0,0,0,0.45118162
1565839122931,60.853,0.136,1306.458,9.00E-04,-0.7455,0,0.6665,49.05,0.01076,0.63672847,0,TRUE,0,0,0,0.40820655
1565839123050,61.397,0.136,1306.516,9.00E-04,-0.7448,0,0.6673,49.23,0.01085,0.63672847,0,TRUE,0,0,0,0.41780218
1565839123207,61.942,0.136,1306.574,9.00E-04,-0.744,0,0.6681,49.4,0.01261,0.63672847,0,TRUE,0,0,0,0.29909402
1565839123362,62.489,0.136,1306.63,9.00E-04,-0.7432,0,0.669,49.58,0.01537,0.63672847,0,TRUE,0,0,0,0.3209021
1565839123514,63.039,0.136,1306.684,0.001,-0.7423,-1.00E-04,0.6701,49.76,0.01535,0.63672847,0,TRUE,0,0,0,0.3273695
1565839123678,63.59,0.136,1306.737,0.001,-0.7412,-1.00E-04,0.6713,49.93,0.01324,0.63672847,0,TRUE,0,0,0,0.28661582
1565839123813,64.144,0.136,1306.788,0.001,-0.7402,-1.00E-04,0.6724,50.11,0.01297,0.63672847,0,TRUE,0,0,0,0.3688174
1565839123918,64.7,0.136,1306.838,9.00E-04,-0.7392,0,0.6734,50.29,0.01297,0.63672847,0,TRUE,0,0,0,0.47427368
1565839124021,65.258,0.136,1306.887,9.00E-04,-0.7383,0,0.6745,50.47,0.01298,0.63672847,0,TRUE,0,0,0,0.48358065
1565839124125,65.818,0.136,1306.934,0.001,-0.7374,0,0.6755,50.65,0.01298,0.63282216,0,TRUE,0,0,0,0.47908592
1565839124265,66.38,0.136,1306.98,0.001,-0.7364,-1.00E-04,0.6765,50.83,0.01318,0.63282216,0,TRUE,0,0,0,0.35595202
1565839124410,66.945,0.136,1307.025,0.001,-0.7355,-1.00E-04,0.6775,51.01,0.01347,0.63672847,0,TRUE,0,0,0,0.34373027
1565839124516,67.511,0.136,1307.068,0.001,-0.7345,-1.00E-04,0.6786,51.2,0.01347,0.6445411,0,TRUE,0,0,0,0.4964814
1565839124621,68.08,0.136,1307.109,0.001,-0.7335,-1.00E-04,0.6796,51.39,0.01347,0.6484474,0,TRUE,0,0,0,0.5013411
1565839124766,68.651,0.136,1307.149,0.001,-0.7325,-1.00E-04,0.6807,51.58,0.01284,0.6484474,0,TRUE,0,0,0,0.36309776
1565839124925,69.224,0.136,1307.188,0.001,-0.7316,-1.00E-04,0.6818,51.77,0.00988,0.6484474,0,TRUE,0,0,0,0.3311695
1565839125081,69.799,0.136,1307.226,9.00E-04,-0.7307,0,0.6827,51.96,0.00928,0.6445411,0,TRUE,0,0,0,0.33758163
1565839125185,70.377,0.136,1307.262,9.00E-04,-0.73,0,0.6835,52.15,0.00928,0.6445411,0,TRUE,0,0,0,0.50650305
1565839125287,70.957,0.136,1307.298,9.00E-04,-0.7293,0,0.6842,52.35,0.00928,0.6445411,0,TRUE,0,0,0,0.5436073
1565839125450,71.539,0.136,1307.332,9.00E-04,-0.7286,0,0.685,52.54,0.00836,0.6445411,0,TRUE,0,0,0,0.3232412
1565839125605,72.123,0.136,1307.366,9.00E-04,-0.7279,0,0.6857,52.73,0.00712,0.6445411,0,TRUE,0,0,0,0.33992592
1565839125711,72.709,0.136,1307.399,9.00E-04,-0.7273,0,0.6863,52.93,0.00712,0.6445411,0,TRUE,0,0,0,0.5232779
1565839125818,73.298,0.136,1307.431,9.00E-04,-0.7268,0,0.6869,53.12,0.00712,0.6445411,0,TRUE,0,0,0,0.49252117
1565839125927,73.889,0.136,1307.463,9.00E-04,-0.7262,0,0.6875,53.32,0.00712,0.6406348,0,TRUE,0,0,0,0.5089413
1565839126032,74.482,0.136,1307.493,9.00E-04,-0.7257,0,0.688,53.51,0.00712,0.6406348,0,TRUE,0,0,0,0.50199866
1565839126137,75.077,0.136,1307.523,9.00E-04,-0.7251,0,0.6886,53.71,0.00712,0.63672847,0,TRUE,0,0,0,0.5284354
1565839126297,75.674,0.136,1307.552,9.00E-04,-0.7246,0,0.6892,53.9,0.00567,0.63672847,0,TRUE,0,0,0,0.3294754
1565839126459,76.274,0.136,1307.58,9.00E-04,-0.7241,0,0.6897,54.1,9.80E-04,0.63672847,0,TRUE,0,0,0,0.34255874
1565839126588,76.876,0.136,1307.608,8.00E-04,-0.7238,1.00E-04,0.69,54.29,7.60E-04,0.63672847,0,TRUE,0,0,0,0.4086911
1565839126692,77.48,0.136,1307.637,7.00E-04,-0.7237,2.00E-04,0.6901,54.48,7.80E-04,0.63672847,0,TRUE,0,0,0,0.50689393
1565839126812,78.086,0.136,1307.666,7.00E-04,-0.7236,2.00E-04,0.6902,54.68,8.70E-04,0.6406348,0,TRUE,0,0,0,0.46243364
1565839126971,78.694,0.136,1307.695,7.00E-04,-0.7236,1.00E-04,0.6902,54.88,0.00142,0.6484474,0,TRUE,0,0,0,0.34901246
1565839127112,79.305,0.136,1307.723,8.00E-04,-0.7235,1.00E-04,0.6903,55.08,0.00172,0.6484474,0,TRUE,0,0,0,0.39359722
1565839127213,79.918,0.136,1307.751,8.00E-04,-0.7234,1.00E-04,0.6904,55.28,0.00172,0.6484474,0,TRUE,0,0,0,0.5494756
1565839127316,80.533,0.136,1307.78,8.00E-04,-0.7233,1.00E-04,0.6906,55.49,0.00173,0.6484474,0,TRUE,0,0,0,0.56571996
1565839127432,81.15,0.136,1307.808,8.00E-04,-0.7231,1.00E-04,0.6907,55.69,0.00177,0.6445411,0,TRUE,0,0,0,0.47842914
1565839127594,81.77,0.136,1307.836,8.00E-04,-0.723,1.00E-04,0.6909,55.89,0.003,0.6445411,0,TRUE,0,0,0,0.34258574
1565839127746,82.392,0.136,1307.863,8.00E-04,-0.7228,1.00E-04,0.6911,56.1,0.00385,0.6484474,0,TRUE,0,0,0,0.3834098
1565839127856,83.016,0.136,1307.89,8.00E-04,-0.7225,1.00E-04,0.6913,56.3,0.00385,0.6601663,0,TRUE,0,0,0,0.50458115
1565839127962,83.642,0.136,1307.917,8.00E-04,-0.7222,1.00E-04,0.6917,56.51,0.00385,0.66407263,0,TRUE,0,0,0,0.5498018
1565839128075,84.271,0.136,1307.943,8.00E-04,-0.7219,1.00E-04,0.692,56.73,0.00385,0.66407263,0,TRUE,0,0,0,0.5403478
1565839128183,84.903,0.136,1307.969,8.00E-04,-0.7216,1.00E-04,0.6923,56.94,0.00385,0.6796979,0,TRUE,0,0,0,0.5396646
1565839128339,85.536,0.136,1307.994,8.00E-04,-0.7213,1.00E-04,0.6926,57.17,0.00353,0.6875105,0,TRUE,0,0,0,0.40922368
1565839128465,86.173,0.136,1308.019,8.00E-04,-0.721,1.00E-04,0.693,57.4,0.00341,0.6953231,0,TRUE,0,0,0,0.5066712
1565839128579,86.812,0.136,1308.043,8.00E-04,-0.7207,1.00E-04,0.6933,57.63,0.00341,0.6992294,0,TRUE,0,0,0,0.56003535
1565839128709,87.453,0.136,1308.067,8.00E-04,-0.7204,1.00E-04,0.6935,57.87,0.00358,0.6992294,0,TRUE,0,0,0,0.51245546
1565839128867,88.098,0.136,1308.09,8.00E-04,-0.7201,1.00E-04,0.6939,58.1,0.0049,0.6914168,0,TRUE,0,0,0,0.40410358
1565839129025,88.744,0.136,1308.113,9.00E-04,-0.7198,1.00E-04,0.6942,58.34,0.00584,0.6836042,0,TRUE,0,0,0,0.42167503
1565839129137,89.394,0.136,1308.135,9.00E-04,-0.7193,0,0.6947,58.57,0.00588,0.6914168,0,TRUE,0,0,0,0.5701098
1565839129263,90.046,0.136,1308.156,9.00E-04,-0.7188,0,0.6952,58.8,0.00588,0.6445411,0,TRUE,0,0,0,0.506791
1565839129422,90.701,0.136,1308.176,9.00E-04,-0.7183,0,0.6957,59.02,0.00588,0.51563287,0,TRUE,0,0,0,0.38416934
1565839129581,91.357,0.136,1308.195,9.00E-04,-0.7178,0,0.6962,59.17,0.00588,0.25397116,0,TRUE,0,0,0,0.26194158
1565839129741,92.015,0.136,1308.214,8.00E-04,-0.7173,0,0.6968,59.18,0.00588,0.071427464,0,TRUE,0,0,0,0.017357552
1565839129875,92.672,0.136,1308.231,8.00E-04,-0.7168,-1.00E-04,0.6973,59.1,0.00588,0,0,TRUE,0,0,0,-0.16578598
1565839129976,93.328,0.136,1308.247,8.00E-04,-0.7163,-1.00E-04,0.6978,59,0.00588,0,0,TRUE,0,0,0,-0.27494165
1565839130079,93.982,0.136,1308.263,8.00E-04,-0.7158,-1.00E-04,0.6983,58.9,0.00588,0,0,TRUE,0,0,0,-0.2696025
1565839130183,94.636,0.136,1308.277,8.00E-04,-0.7153,-1.00E-04,0.6989,58.8,0.00588,0,0,TRUE,0,0,0,-0.26703864
1565839130291,95.288,0.136,1308.291,8.00E-04,-0.7148,-1.00E-04,0.6994,58.7,0.00588,0,0,TRUE,0,0,0,-0.25713813
1565839130391,95.94,0.136,1308.303,8.00E-04,-0.7142,-1.00E-04,0.6999,58.6,0.00588,0,0,TRUE,0,0,0,-0.27773744
1565839130549,96.59,0.136,1308.315,8.00E-04,-0.7137,-1.00E-04,0.7004,58.5,0.00536,0,0,TRUE,0,0,0,-0.17577627
1565839130709,97.239,0.136,1308.325,7.00E-04,-0.7132,-1.00E-04,0.7009,58.4,0.00246,0,0,TRUE,0,0,0,-0.17358781
1565839130863,97.888,0.136,1308.335,7.00E-04,-0.7129,-1.00E-04,0.7013,58.3,8.40E-04,0.09919885,0,TRUE,0,0,0,-0.18035786
1565839130986,98.535,0.136,1308.345,6.00E-04,-0.7127,0,0.7014,58.19,8.40E-04,0.12698561,0,TRUE,0,0,0,-0.2483908
1565839131105,99.18,0.136,1308.356,6.00E-04,-0.7126,0,0.7015,58.09,7.90E-04,0.14285499,0,TRUE,0,0,0,-0.2333893
1565839131263,99.825,0.136,1308.365,6.00E-04,-0.7126,0,0.7016,57.99,3.40E-04,0.14285499,0,TRUE,0,0,0,-0.1757888
1565839131400,100.469,0.136,1308.375,6.00E-04,-0.7125,0,0.7017,57.89,1.30E-04,0.14285499,0,TRUE,0,0,0,-0.20273766
1565839131509,101.111,0.136,1308.385,6.00E-04,-0.7125,0,0.7017,57.79,1.30E-04,0.15475702,0,TRUE,0,0,0,-0.25480714
1565839131613,101.753,0.136,1308.395,6.00E-04,-0.7125,0,0.7017,57.69,1.30E-04,0.1587244,0,TRUE,0,0,0,-0.2670677
1565839131719,102.393,0.136,1308.404,6.00E-04,-0.7125,0,0.7017,57.59,1.30E-04,0.15872437,0,TRUE,0,0,0,-0.26202443
1565839131824,103.032,0.136,1308.414,6.00E-04,-0.7124,0,0.7017,57.49,1.30E-04,0.16269171,0,TRUE,0,0,0,-0.26451457
1565839131940,103.67,0.136,1308.424,6.00E-04,-0.7124,0,0.7017,57.39,1.30E-04,0.15872437,0,TRUE,0,0,0,-0.23943964
1565839132041,104.307,0.136,1308.434,6.00E-04,-0.7124,0,0.7018,57.29,1.30E-04,0.15872437,0,TRUE,0,0,0,-0.27498937
1565839132148,104.943,0.136,1308.443,6.00E-04,-0.7124,0,0.7018,57.19,1.30E-04,0.15872437,0,TRUE,0,0,0,-0.25958517
1565839132255,105.578,0.136,1308.453,6.00E-04,-0.7124,0,0.7018,57.09,1.30E-04,0.16269171,0,TRUE,0,0,0,-0.25956917
1565839132359,106.211,0.136,1308.462,6.00E-04,-0.7124,0,0.7018,56.98,1.30E-04,0.16269171,0,TRUE,0,0,0,-0.29377517
1565839132463,106.844,0.136,1308.471,6.00E-04,-0.7124,0,0.7018,56.88,1.30E-04,0.16269171,0,TRUE,0,0,0,-0.2670635
1565839132570,107.475,0.136,1308.481,6.00E-04,-0.7123,0,0.7018,56.78,1.30E-04,0.17459375,0,TRUE,0,0,0,-0.25957868
1565839132697,108.105,0.136,1308.49,6.00E-04,-0.7123,0,0.7018,56.68,1.30E-04,0.23015183,0,TRUE,0,0,0,-0.21869686
1565839132835,108.735,0.136,1308.499,6.00E-04,-0.7123,0,0.7019,56.63,1.30E-04,0.3015793,0,TRUE,0,0,0,-0.10063225
1565839132963,109.364,0.136,1308.508,6.00E-04,-0.7123,0,0.7019,56.63,1.30E-04,0.36507207,0,TRUE,0,0,0,0
1565839133102,109.993,0.136,1308.518,7.00E-04,-0.7123,1.00E-04,0.7019,56.66,1.30E-04,0.45633632,0,TRUE,0,0,0,0.0599422
1565839133235,110.623,0.136,1308.527,7.00E-04,-0.7123,1.00E-04,0.7019,56.74,1.30E-04,0.51172656,0,TRUE,0,0,0,0.16707103
1565839133365,111.255,0.136,1308.536,7.00E-04,-0.7123,1.00E-04,0.7019,56.86,1.30E-04,0.55469596,0,TRUE,0,0,0,0.2563818
1565839133474,111.887,0.136,1308.545,7.00E-04,-0.7123,1.00E-04,0.7019,57.01,1.30E-04,0.5586023,0,TRUE,0,0,0,0.38221812
1565839133580,112.522,0.136,1308.555,7.00E-04,-0.7123,1.00E-04,0.7019,57.16,1.30E-04,0.5625086,0,TRUE,0,0,0,0.39303696
1565839133685,113.158,0.136,1308.564,7.00E-04,-0.7123,1.00E-04,0.7019,57.32,1.30E-04,0.5625086,0,TRUE,0,0,0,0.42323855
1565839133792,113.796,0.136,1308.573,7.00E-04,-0.7123,1.00E-04,0.7019,57.48,1.30E-04,0.5625086,0,TRUE,0,0,0,0.41532663
1565839133894,114.436,0.136,1308.583,7.00E-04,-0.7122,1.00E-04,0.7019,57.64,1.30E-04,0.5625086,0,TRUE,0,0,0,0.43567616
1565839133996,115.077,0.136,1308.592,7.00E-04,-0.7122,1.00E-04,0.7019,57.8,1.30E-04,0.5625086,0,TRUE,0,0,0,0.4356862
1565839134100,115.721,0.136,1308.601,7.00E-04,-0.7122,1.00E-04,0.7019,57.95,1.30E-04,0.5625086,0,TRUE,0,0,0,0.4006068
1565839134203,116.366,0.136,1308.61,7.00E-04,-0.7122,1.00E-04,0.7019,58.11,1.30E-04,0.5625086,0,TRUE,0,0,0,0.43145674
1565839134307,117.012,0.136,1308.62,7.00E-04,-0.7122,1.00E-04,0.702,58.27,1.30E-04,0.5625086,0,TRUE,0,0,0,0.42729875
1565839134415,117.661,0.136,1308.629,7.00E-04,-0.7122,1.00E-04,0.702,58.43,1.30E-04,0.5625086,0,TRUE,0,0,0,0.4114824
1565839134529,118.311,0.136,1308.638,7.00E-04,-0.7122,1.00E-04,0.702,58.59,1.30E-04,0.5625086,0,TRUE,0,0,0,0.38982654
1565839134633,118.963,0.136,1308.648,7.00E-04,-0.7122,1.00E-04,0.702,58.75,1.30E-04,0.5625086,0,TRUE,0,0,0,0.42729968
1565839134734,119.617,0.136,1308.657,7.00E-04,-0.7122,1.00E-04,0.702,58.91,1.30E-04,0.5625086,0,TRUE,0,0,0,0.44000164
1565839134837,120.273,0.136,1308.666,7.00E-04,-0.7122,1.00E-04,0.702,59.06,1.30E-04,0.5625086,0,TRUE,0,0,0,0.40449655
1565839134942,120.93,0.136,1308.675,7.00E-04,-0.7122,1.00E-04,0.702,59.22,1.30E-04,0.5625086,0,TRUE,0,0,0,0.42324004
1565839135050,121.589,0.136,1308.685,7.00E-04,-0.7122,1.00E-04,0.702,59.38,1.30E-04,0.5625086,0,TRUE,0,0,0,0.4114748
1565839135155,122.25,0.136,1308.694,7.00E-04,-0.7122,1.00E-04,0.702,59.54,1.30E-04,0.5625086,0,TRUE,0,0,0,0.42324162
1565839135260,122.913,0.136,1308.703,7.00E-04,-0.7122,1.00E-04,0.702,59.7,1.30E-04,0.5625086,0,TRUE,0,0,0,0.42324078
1565839135362,123.577,0.136,1308.712,7.00E-04,-0.7121,1.00E-04,0.702,59.86,1.30E-04,0.5625086,0,TRUE,0,0,0,0.43568915
1565839135465,124.243,0.136,1308.722,7.00E-04,-0.7121,1.00E-04,0.702,60.02,1.30E-04,0.5625086,0,TRUE,0,0,0,0.4314503
1565839135569,124.911,0.136,1308.731,7.00E-04,-0.7121,1.00E-04,0.702,60.18,1.40E-04,0.5625086,0,TRUE,0,0,0,0.42731202
1565839135736,125.581,0.136,1308.74,7.00E-04,-0.7121,1.00E-04,0.702,60.34,0.0011,0.55469596,0,TRUE,0,0,0,0.26610994
1565839135897,126.253,0.136,1308.75,7.00E-04,-0.7121,1.00E-04,0.7021,60.5,0.00402,0.5351644,0,TRUE,0,0,0,0.27602157
1565839136065,126.926,0.136,1308.759,8.00E-04,-0.7119,0,0.7023,60.64,0.00522,0.5351644,0,TRUE,0,0,0,0.23145962
1565839136181,127.601,0.136,1308.766,9.00E-04,-0.7115,0,0.7027,60.78,0.00527,0.54688334,0,TRUE,0,0,0,0.33522975
1565839136284,128.277,0.136,1308.773,9.00E-04,-0.711,0,0.7032,60.93,0.00527,0.54688334,0,TRUE,0,0,0,0.40451345
1565839136392,128.955,0.136,1308.779,9.00E-04,-0.7105,0,0.7037,61.08,0.00527,0.54688334,0,TRUE,0,0,0,0.3857908
1565839136502,129.635,0.136,1308.784,9.00E-04,-0.7101,0,0.7041,61.23,0.00527,0.54688334,0,TRUE,0,0,0,0.37877184
1565839136643,130.316,0.136,1308.788,9.00E-04,-0.7096,0,0.7046,61.38,0.005,0.54688334,0,TRUE,0,0,0,0.29550645
1565839136817,131,0.136,1308.791,8.00E-04,-0.7091,0,0.7051,61.53,0.00402,0.54688334,0,TRUE,0,0,0,0.23945758
1565839136971,131.684,0.136,1308.794,8.00E-04,-0.7087,0,0.7055,61.68,0.00348,0.54688334,0,TRUE,0,0,0,0.27056307
1565839137077,132.371,0.136,1308.796,8.00E-04,-0.7084,0,0.7058,61.83,0.00348,0.55078965,0,TRUE,0,0,0,0.39308402
1565839137195,133.059,0.136,1308.797,8.00E-04,-0.708,0,0.7062,61.99,0.00344,0.54688334,0,TRUE,0,0,0,0.37664708
1565839137351,133.749,0.136,1308.798,8.00E-04,-0.7077,0,0.7065,62.14,0.00274,0.55078965,0,TRUE,0,0,0,0.2670897
1565839137512,134.44,0.136,1308.798,8.00E-04,-0.7074,0,0.7068,62.29,0.00208,0.55078965,0,TRUE,0,0,0,0.25880182
1565839137669,135.133,0.136,1308.798,8.00E-04,-0.7072,1.00E-04,0.707,62.44,0.00136,0.55469596,0,TRUE,0,0,0,0.26538873
1565839137805,135.828,0.136,1308.798,8.00E-04,-0.7071,1.00E-04,0.7072,62.59,0.00114,0.55469596,0,TRUE,0,0,0,0.30637568
1565839137915,136.525,0.136,1308.797,7.00E-04,-0.7069,1.00E-04,0.7073,62.75,0.00114,0.55469596,0,TRUE,0,0,0,0.40403962
1565839138033,137.223,0.136,1308.797,7.00E-04,-0.7068,1.00E-04,0.7074,62.9,0.00106,0.5586023,0,TRUE,0,0,0,0.35311097
1565839138190,137.923,0.136,1308.796,7.00E-04,-0.7067,1.00E-04,0.7075,63.06,4.80E-04,0.55469596,0,TRUE,0,0,0,0.28308514
1565839138344,138.625,0.136,1308.795,7.00E-04,-0.7067,1.00E-04,0.7076,63.21,1.30E-04,0.55469596,0,TRUE,0,0,0,0.2705584
1565839138448,139.329,0.136,1308.794,7.00E-04,-0.7066,1.00E-04,0.7076,63.37,1.30E-04,0.55469596,0,TRUE,0,0,0,0.42734954
1565839138556,140.034,0.136,1308.793,7.00E-04,-0.7066,1.00E-04,0.7076,63.52,1.30E-04,0.5586023,0,TRUE,0,0,0,0.38580605
1565839138662,140.741,0.136,1308.792,7.00E-04,-0.7066,1.00E-04,0.7076,63.67,1.30E-04,0.55469596,0,TRUE,0,0,0,0.3930754
1565839138768,141.449,0.136,1308.791,7.00E-04,-0.7066,1.00E-04,0.7076,63.83,1.30E-04,0.5586023,0,TRUE,0,0,0,0.41929644
1565839138873,142.16,0.136,1308.79,7.00E-04,-0.7066,1.00E-04,0.7076,63.98,1.30E-04,0.5586023,0,TRUE,0,0,0,0.396819
1565839138997,142.872,0.136,1308.789,7.00E-04,-0.7066,1.00E-04,0.7076,64.14,3.00E-05,0.5586023,0,TRUE,0,0,0,0.3584222
1565839139119,143.585,0.136,1308.788,7.00E-04,-0.7066,1.00E-04,0.7076,64.29,-1.00E-04,0.5625086,0,TRUE,0,0,0,0.34153324
1565839139224,144.301,0.136,1308.787,7.00E-04,-0.7066,1.00E-04,0.7076,64.45,-1.00E-04,0.5625086,0,TRUE,0,0,0,0.42326954
1565839139327,145.018,0.136,1308.786,7.00E-04,-0.7066,1.00E-04,0.7076,64.59,-1.00E-04,0.5625086,0,TRUE,0,0,0,0.37756005
1565839139429,145.737,0.136,1308.785,7.00E-04,-0.7066,1.00E-04,0.7076,64.71,-1.00E-04,0.5625086,0,TRUE,0,0,0,0.3268046
1565839139532,146.457,0.136,1308.784,7.00E-04,-0.7066,1.00E-04,0.7076,64.83,-1.00E-04,0.5625086,0,TRUE,0,0,0,0.32363173
1565839139639,147.178,0.136,1308.783,7.00E-04,-0.7066,1.00E-04,0.7076,64.94,-1.00E-04,0.5586023,0,TRUE,0,0,0,0.2855672
1565839139744,147.9,0.136,1308.782,7.00E-04,-0.7067,1.00E-04,0.7076,65.06,-1.00E-04,0.5664149,0,TRUE,0,0,0,0.31744713
1565839139844,148.624,0.136,1308.781,7.00E-04,-0.7067,1.00E-04,0.7075,65.18,-1.00E-04,0.5664149,0,TRUE,0,0,0,0.33334067
1565839139946,149.349,0.136,1308.78,7.00E-04,-0.7067,1.00E-04,0.7075,65.3,-1.00E-04,0.5664149,0,TRUE,0,0,0,0.3268046
1565839140048,150.076,0.136,1308.779,7.00E-04,-0.7067,1.00E-04,0.7075,65.42,-1.00E-04,0.5664149,0,TRUE,0,0,0,0.3267838
1565839140149,150.803,0.136,1308.778,7.00E-04,-0.7067,1.00E-04,0.7075,65.54,-1.00E-04,0.5664149,0,TRUE,0,0,0,0.3300402
1565839140251,151.532,0.136,1308.777,7.00E-04,-0.7067,1.00E-04,0.7075,65.66,-1.00E-04,0.5664149,0,TRUE,0,0,0,0.3268046
1565839140359,152.263,0.136,1308.776,7.00E-04,-0.7067,1.00E-04,0.7075,65.78,-1.00E-04,0.5664149,0,TRUE,0,0,0,0.30862918
1565839140465,152.995,0.136,1308.776,7.00E-04,-0.7068,1.00E-04,0.7075,65.91,-1.00E-04,0.5625086,0,TRUE,0,0,0,0.34068367
1565839140568,153.728,0.136,1308.775,7.00E-04,-0.7068,1.00E-04,0.7074,66.03,-1.00E-04,0.5664149,0,TRUE,0,0,0,0.32361117
1565839140671,154.462,0.136,1308.775,7.00E-04,-0.7068,1.00E-04,0.7074,66.15,-1.00E-04,0.5664149,0,TRUE,0,0,0,0.32363203
1565839140775,155.198,0.136,1308.774,7.00E-04,-0.7068,1.00E-04,0.7074,66.27,-1.00E-04,0.5664149,0,TRUE,0,0,0,0.3204995
1565839140876,155.936,0.136,1308.774,7.00E-04,-0.7068,1.00E-04,0.7074,66.39,-1.00E-04,0.5664149,0,TRUE,0,0,0,0.33004057
1565839140980,156.674,0.136,1308.773,7.00E-04,-0.7068,1.00E-04,0.7074,66.52,-1.00E-04,0.5664149,0,TRUE,0,0,0,0.34721455
1565839141081,157.414,0.136,1308.773,7.00E-04,-0.7068,1.00E-04,0.7074,66.64,-1.00E-04,0.5664149,0,TRUE,0,0,0,0.33004057
1565839141184,158.156,0.136,1308.772,7.00E-04,-0.7069,1.00E-04,0.7074,66.76,-1.00E-04,0.5664149,0,TRUE,0,0,0,0.32363176
1565839141285,158.898,0.136,1308.772,7.00E-04,-0.7069,1.00E-04,0.7073,66.89,-1.00E-04,0.5664149,0,TRUE,0,0,0,0.3575282
1565839141389,159.642,0.136,1308.771,7.00E-04,-0.7069,1.00E-04,0.7073,67.01,-1.00E-04,0.5664149,0,TRUE,0,0,0,0.32051992
1565839141498,160.388,0.136,1308.771,7.00E-04,-0.7069,1.00E-04,0.7073,67.14,-1.00E-04,0.55469596,0,TRUE,0,0,0,0.3312876
1565839141649,161.135,0.136,1308.77,7.00E-04,-0.7069,1.00E-04,0.7073,67.26,-1.00E-04,0.4682536,0,TRUE,0,0,0,0.22075541
1565839141800,161.883,0.136,1308.77,7.00E-04,-0.7069,1.00E-04,0.7073,67.35,-1.20E-04,0.35713738,0,TRUE,0,0,0,0.16555618
1565839141960,162.631,0.136,1308.769,7.00E-04,-0.7069,1.00E-04,0.7073,67.38,-5.90E-04,0.29761195,0,TRUE,0,0,0,0.052081168
1565839142104,163.38,0.136,1308.769,7.00E-04,-0.707,1.00E-04,0.7072,67.38,-6.70E-04,0.22221714,0,TRUE,0,0,0,0
1565839142241,164.129,0.136,1308.769,6.00E-04,-0.707,1.00E-04,0.7072,67.34,-7.60E-04,0.1706264,0,TRUE,0,0,0,-0.08110486
1565839142400,164.877,0.136,1308.769,6.00E-04,-0.7071,1.00E-04,0.7071,67.26,-0.00117,0.09919888,0,TRUE,0,0,0,-0.13975227
1565839142554,165.623,0.136,1308.769,6.00E-04,-0.7072,0,0.707,67.16,-0.00219,0,0,TRUE,0,0,0,-0.18037243
1565839142690,166.369,0.136,1308.77,6.00E-04,-0.7074,1.00E-04,0.7069,67.06,-0.0024,0,0,TRUE,0,0,0,-0.20426066
1565839142795,167.113,0.136,1308.771,5.00E-04,-0.7076,1.00E-04,0.7066,66.95,-0.0024,0,0,TRUE,0,0,0,-0.29100665
1565839142901,167.856,0.136,1308.773,5.00E-04,-0.7078,1.00E-04,0.7064,66.85,-0.0024,0,0,TRUE,0,0,0,-0.26204962
1565839143003,168.599,0.136,1308.776,5.00E-04,-0.708,1.00E-04,0.7062,66.75,-0.0024,0,0,TRUE,0,0,0,-0.2723247
1565839143103,169.34,0.136,1308.778,5.00E-04,-0.7083,1.00E-04,0.7059,66.65,-0.0024,0,0,TRUE,0,0,0,-0.2777726
1565839143209,170.08,0.136,1308.782,5.00E-04,-0.7085,1.00E-04,0.7057,66.55,-0.0024,0,0,TRUE,0,0,0,-0.26204664
1565839143316,170.818,0.136,1308.785,5.00E-04,-0.7087,1.00E-04,0.7055,66.45,-0.0024,0,0,TRUE,0,0,0,-0.25961906
1565839143416,171.556,0.136,1308.79,5.00E-04,-0.709,1.00E-04,0.7052,66.35,-0.0024,0,0,TRUE,0,0,0,-0.27776718
1565839143517,172.293,0.136,1308.794,5.00E-04,-0.7092,1.00E-04,0.705,66.25,-0.0024,0,0,TRUE,0,0,0,-0.27501944
1565839143619,173.028,0.136,1308.8,5.00E-04,-0.7094,1.00E-04,0.7048,66.15,-0.0024,0,0,TRUE,0,0,0,-0.27231762
1565839143725,173.762,0.136,1308.805,5.00E-04,-0.7097,1.00E-04,0.7045,66.05,-0.0024,0,0,TRUE,0,0,0,-0.2620444
1565839143852,174.496,0.136,1308.811,5.00E-04,-0.7099,1.00E-04,0.7043,65.95,-0.0024,0.071427464,0,TRUE,0,0,0,-0.21872877
1565839144004,175.228,0.136,1308.818,5.00E-04,-0.7101,1.00E-04,0.7041,65.85,-0.0024,0.1825437,0,TRUE,0,0,0,-0.1827375
1565839144162,175.959,0.136,1308.825,5.00E-04,-0.7104,1.00E-04,0.7038,65.75,-0.0024,0.28967726,0,TRUE,0,0,0,-0.17579807
1565839144289,176.689,0.136,1308.833,6.00E-04,-0.7106,1.00E-04,0.7036,65.71,-0.0024,0.34523535,0,TRUE,0,0,0,-0.08748574
1565839144396,177.419,0.136,1308.841,6.00E-04,-0.7108,1.00E-04,0.7034,65.72,-0.0024,0.35713738,0,TRUE,0,0,0,0.02596455
1565839144511,178.149,0.136,1308.849,6.00E-04,-0.7111,1.00E-04,0.7031,65.74,-0.0024,0.35713738,0,TRUE,0,0,0,0.04829813
1565839144614,178.88,0.136,1308.858,6.00E-04,-0.7113,1.00E-04,0.7029,65.76,-0.0024,0.35713738,0,TRUE,0,0,0,0.05394484
1565839144724,179.61,0.136,1308.868,6.00E-04,-0.7115,1.00E-04,0.7026,65.78,-0.0024,0.3492027,0,TRUE,0,0,0,0.05049183
1565839144828,180.341,0.136,1308.878,6.00E-04,-0.7118,1.00E-04,0.7024,65.79,-0.0024,0.34523535,0,TRUE,0,0,0,0.026712604
1565839144936,181.073,0.136,1308.888,6.00E-04,-0.712,1.00E-04,0.7022,65.81,-0.0024,0.3333333,0,TRUE,0,0,0,0.05142701
1565839145073,181.804,0.136,1308.899,6.00E-04,-0.7122,1.00E-04,0.7019,65.82,-0.0024,0.24998856,0,TRUE,0,0,0,0.02027774
1565839145228,182.535,0.136,1308.911,6.00E-04,-0.7125,1.00E-04,0.7017,65.8,-0.002,0.13888764,0,TRUE,0,0,0,-0.035831485
1565839145389,183.265,0.136,1308.923,6.00E-04,-0.7127,1.00E-04,0.7015,65.71,4.00E-04,0,0,TRUE,0,0,0,-0.15526551
1565839145553,183.995,0.136,1308.934,6.00E-04,-0.7128,0,0.7014,65.61,0.00438,0,0,TRUE,0,0,0,-0.16935495
1565839145708,184.723,0.136,1308.945,7.00E-04,-0.7126,-1.00E-04,0.7016,65.51,0.00774,0,0,TRUE,0,0,0,-0.17918833
1565839145870,185.45,0.136,1308.955,8.00E-04,-0.712,-2.00E-04,0.7022,65.41,0.00952,0,0,TRUE,0,0,0,-0.17144892
1565839146034,186.176,0.136,1308.962,9.00E-04,-0.7112,-3.00E-04,0.703,65.31,0.01103,0,0,TRUE,0,0,0,-0.169379
1565839146188,186.901,0.136,1308.967,9.00E-04,-0.7102,-3.00E-04,0.704,65.21,0.01284,0,0,TRUE,0,0,0,-0.18036813
1565839146325,187.625,0.136,1308.97,0.001,-0.7091,-3.00E-04,0.7051,65.11,0.0131,0,0,TRUE,0,0,0,-0.20275277
1565839146444,188.348,0.136,1308.97,0.001,-0.7079,-4.00E-04,0.7064,65,0.01296,0,0,TRUE,0,0,0,-0.2567708
1565839146599,189.07,0.136,1308.967,0.001,-0.7066,-4.00E-04,0.7076,64.9,0.01205,0,0,TRUE,0,0,0,-0.17920727
1565839146766,189.79,0.136,1308.962,0.001,-0.7054,-3.00E-04,0.7088,64.8,0.01,0,0,TRUE,0,0,0,-0.16632743
1565839146933,190.509,0.136,1308.955,9.00E-04,-0.7043,-3.00E-04,0.7099,64.7,0.00743,0,0,TRUE,0,0,0,-0.1663361
1565839147087,191.228,0.136,1308.946,8.00E-04,-0.7034,-2.00E-04,0.7108,64.6,0.00416,0,0,TRUE,0,0,0,-0.18035859
1565839147247,191.945,0.136,1308.937,7.00E-04,-0.7028,-1.00E-04,0.7113,64.5,0.00168,0.10713357,0,TRUE,0,0,0,-0.17359468
1565839147418,192.661,0.136,1308.927,7.00E-04,-0.7025,0,0.7117,64.4,5.60E-04,0.2936446,0,TRUE,0,0,0,-0.1624248
1565839147576,193.376,0.136,1308.917,6.00E-04,-0.7024,0,0.7118,64.37,-1.10E-04,0.3492027,0,TRUE,0,0,0,-0.05273531
1565839147735,194.091,0.136,1308.908,6.00E-04,-0.7024,1.00E-04,0.7118,64.37,-6.00E-04,0.37697417,0,TRUE,0,0,0,0
1565839147889,194.806,0.136,1308.898,6.00E-04,-0.7024,1.00E-04,0.7118,64.4,-0.00112,0.37697417,0,TRUE,0,0,0,0.054105055
1565839148043,195.522,0.136,1308.889,6.00E-04,-0.7025,1.00E-04,0.7117,64.43,-0.002,0.4007935,0,TRUE,0,0,0,0.054106165
1565839148197,196.238,0.136,1308.88,6.00E-04,-0.7026,1.00E-04,0.7116,64.46,-0.0025,0.41269553,0,TRUE,0,0,0,0.05410605
1565839148317,196.955,0.136,1308.872,6.00E-04,-0.7028,1.00E-04,0.7114,64.51,-0.0025,0.42063022,0,TRUE,0,0,0,0.11574049
1565839148427,197.672,0.136,1308.864,6.00E-04,-0.7031,1.00E-04,0.7111,64.55,-0.0025,0.42459756,0,TRUE,0,0,0,0.10100623
1565839148528,198.39,0.136,1308.856,6.00E-04,-0.7033,1.00E-04,0.7109,64.6,-0.0025,0.42459756,0,TRUE,0,0,0,0.13749252
1565839148634,199.108,0.136,1308.85,6.00E-04,-0.7036,1.00E-04,0.7106,64.65,-0.0025,0.42459756,0,TRUE,0,0,0,0.13103071
1565839148786,199.826,0.136,1308.843,6.00E-04,-0.7038,1.00E-04,0.7104,64.71,-0.0025,0.4007935,0,TRUE,0,0,0,0.109639525
1565839148920,200.546,0.136,1308.837,6.00E-04,-0.704,1.00E-04,0.7102,64.75,-0.0025,0.40476084,0,TRUE,0,0,0,0.08291779
1565839149058,201.266,0.136,1308.832,6.00E-04,-0.7043,1.00E-04,0.7099,64.79,-0.0025,0.41269553,0,TRUE,0,0,0,0.0805152
1565839149189,201.986,0.136,1308.827,6.00E-04,-0.7045,1.00E-04,0.7097,64.83,-0.0025,0.41666287,0,TRUE,0,0,0,0.084817536
1565839149336,202.706,0.136,1308.823,6.00E-04,-0.7048,1.00E-04,0.7094,64.88,-0.0025,0.3809415,0,TRUE,0,0,0,0.09447211
1565839149521,203.428,0.136,1308.819,6.00E-04,-0.705,1.00E-04,0.7092,64.92,-0.0025,0,0,TRUE,0,0,0,0.0600605
1565839149659,204.149,0.136,1308.815,6.00E-04,-0.7053,1.00E-04,0.709,64.85,-0.0025,0,0,TRUE,0,0,0,-0.14089896
1565839149788,204.869,0.136,1308.812,6.00E-04,-0.7055,1.00E-04,0.7087,64.75,-0.0025,0,0,TRUE,0,0,0,-0.21532653
1565839149927,205.587,0.136,1308.81,5.00E-04,-0.7057,1.00E-04,0.7085,64.65,-0.0025,0,0,TRUE,0,0,0,-0.19983636
1565839150067,206.305,0.136,1308.808,5.00E-04,-0.706,1.00E-04,0.7082,64.55,-0.0025,0,0,TRUE,0,0,0,-0.19840884
1565839150196,207.022,0.136,1308.807,5.00E-04,-0.7062,1.00E-04,0.708,64.44,-0.0025,0,0,TRUE,0,0,0,-0.23686586
1565839150337,207.737,0.136,1308.806,5.00E-04,-0.7064,1.00E-04,0.7078,64.34,-0.0025,0,0,TRUE,0,0,0,-0.19701737
1565839150470,208.451,0.136,1308.805,6.00E-04,-0.7067,1.00E-04,0.7075,64.24,-0.0025,0,0,TRUE,0,0,0,-0.2088521
1565839150603,209.164,0.136,1308.805,6.00E-04,-0.7069,1.00E-04,0.7073,64.14,-0.0025,0,0,TRUE,0,0,0,-0.20885229
1565839150736,209.876,0.136,1308.806,6.00E-04,-0.7072,1.00E-04,0.7071,64.04,-0.0025,0,0,TRUE,0,0,0,-0.20885211
1565839150864,210.587,0.136,1308.806,6.00E-04,-0.7074,1.00E-04,0.7068,63.94,-0.0025,0,0,TRUE,0,0,0,-0.21701889
1565839150999,211.297,0.136,1308.808,6.00E-04,-0.7076,1.00E-04,0.7066,63.84,-0.0025,0,0,TRUE,0,0,0,-0.2057574
1565839151131,212.006,0.136,1308.81,6.00E-04,-0.7079,1.00E-04,0.7064,63.74,-0.0025,0,0,TRUE,0,0,0,-0.21043362
1565839151264,212.713,0.136,1308.812,6.00E-04,-0.7081,1.00E-04,0.7061,63.64,-0.00246,0,0,TRUE,0,0,0,-0.20885947
1565839151458,213.42,0.136,1308.815,6.00E-04,-0.7083,1.00E-04,0.7059,63.54,-0.00209,0,0,TRUE,0,0,0,-0.14318101
1565839151645,214.125,0.136,1308.818,6.00E-04,-0.7085,1.00E-04,0.7057,63.44,-0.00139,0,0,TRUE,0,0,0,-0.14854628
1565839151778,214.829,0.136,1308.821,6.00E-04,-0.7087,1.00E-04,0.7055,63.34,-0.00138,0,0,TRUE,0,0,0,-0.20885032
1565839151909,215.532,0.136,1308.825,6.00E-04,-0.7088,0,0.7054,63.24,-0.00138,0,0,TRUE,0,0,0,-0.2120376
1565839152043,216.234,0.136,1308.829,6.00E-04,-0.709,0,0.7052,63.13,-0.00138,0,0,TRUE,0,0,0,-0.22802405
1565839152174,216.935,0.136,1308.833,6.00E-04,-0.7091,1.00E-04,0.7051,63.03,-0.00138,0,0,TRUE,0,0,0,-0.21204548
1565839152304,217.635,0.136,1308.837,6.00E-04,-0.7092,1.00E-04,0.705,62.93,-0.00138,0,0,TRUE,0,0,0,-0.21366842
1565839152433,218.334,0.136,1308.842,6.00E-04,-0.7093,1.00E-04,0.7049,62.83,-0.00138,0,0,TRUE,0,0,0,-0.21532278
1565839152567,219.031,0.136,1308.847,6.00E-04,-0.7095,1.00E-04,0.7047,62.73,-0.00138,0,0,TRUE,0,0,0,-0.20729628
1565839152701,219.727,0.136,1308.852,6.00E-04,-0.7096,1.00E-04,0.7046,62.63,-0.00138,0,0,TRUE,0,0,0,-0.20728834
1565839152834,220.423,0.136,1308.857,6.00E-04,-0.7097,1.00E-04,0.7045,62.53,-0.00138,0,0,TRUE,0,0,0,-0.20885487
1565839152988,221.117,0.136,1308.862,6.00E-04,-0.7098,1.00E-04,0.7044,62.43,-0.00122,0,0,TRUE,0,0,0,-0.18036772
1565839153180,221.81,0.136,1308.868,6.00E-04,-0.71,0,0.7042,62.33,0.0011,0,0,TRUE,0,0,0,-0.14466836
1565839153375,222.502,0.136,1308.874,6.00E-04,-0.71,0,0.7042,62.23,0.00186,0,0,TRUE,0,0,0,-0.14244808
1565839153548,223.192,0.136,1308.879,7.00E-04,-0.7098,0,0.7044,62.13,0.00186,0.0952315,0,TRUE,0,0,0,-0.16055854
1565839153714,223.882,0.136,1308.884,7.00E-04,-0.7097,0,0.7045,62.03,0.00186,0.16269171,0,TRUE,0,0,0,-0.16733545
1565839153857,224.57,0.136,1308.888,7.00E-04,-0.7095,0,0.7047,61.93,0.00186,0.18651104,0,TRUE,0,0,0,-0.19424413
1565839153997,225.258,0.136,1308.892,7.00E-04,-0.7093,0,0.7049,61.82,0.00186,0.19047838,0,TRUE,0,0,0,-0.21825144
1565839154127,225.944,0.136,1308.896,7.00E-04,-0.7092,0,0.705,61.72,0.00186,0.19047838,0,TRUE,0,0,0,-0.21366826
1565839154261,226.629,0.136,1308.9,7.00E-04,-0.709,0,0.7052,61.62,0.00186,0.19047838,0,TRUE,0,0,0,-0.20729804
1565839154400,227.313,0.136,1308.903,7.00E-04,-0.7088,0,0.7054,61.52,0.00186,0.20238042,0,TRUE,0,0,0,-0.19983527
1565839154543,227.996,0.136,1308.905,7.00E-04,-0.7086,0,0.7056,61.42,0.00186,0.22221714,0,TRUE,0,0,0,-0.19425374
1565839154680,228.678,0.136,1308.908,7.00E-04,-0.7085,0,0.7057,61.36,0.00186,0.23015183,0,TRUE,0,0,0,-0.12164843
1565839154820,229.36,0.136,1308.91,7.00E-04,-0.7083,0,0.7059,61.33,0.00186,0.24602121,0,TRUE,0,0,0,-0.059521113
1565839154951,230.041,0.136,1308.911,7.00E-04,-0.7081,0,0.7061,61.3,0.00186,0.24998856,0,TRUE,0,0,0,-0.06361867
1565839155090,230.722,0.136,1308.913,7.00E-04,-0.708,0,0.7063,61.27,0.00186,0.24998856,0,TRUE,0,0,0,-0.059949353
1565839155221,231.403,0.136,1308.914,7.00E-04,-0.7078,0,0.7064,61.25,0.00186,0.25397116,0,TRUE,0,0,0,-0.042409748
1565839155354,232.083,0.136,1308.915,7.00E-04,-0.7076,0,0.7066,61.22,0.00186,0.25397116,0,TRUE,0,0,0,-0.06265401
1565839155488,232.763,0.136,1308.915,7.00E-04,-0.7075,0,0.7068,61.2,0.00186,0.25397116,0,TRUE,0,0,0,-0.04146032
1565839155624,233.443,0.136,1308.915,7.00E-04,-0.7073,0,0.7069,61.18,0.00186,0.25397116,0,TRUE,0,0,0,-0.04085061
1565839155757,234.123,0.136,1308.915,7.00E-04,-0.7071,0,0.7071,61.15,0.00186,0.26190585,0,TRUE,0,0,0,-0.06265409
1565839155888,234.802,0.136,1308.914,7.00E-04,-0.7069,0,0.7073,61.13,0.00186,0.26190585,0,TRUE,0,0,0,-0.042409737
1565839156029,235.481,0.136,1308.913,7.00E-04,-0.7068,0,0.7074,61.12,0.00182,0.2658732,0,TRUE,0,0,0,-0.01970474
1565839156207,236.16,0.136,1308.912,7.00E-04,-0.7066,0,0.7076,61.1,0.00153,0.2658732,0,TRUE,0,0,0,-0.031211667
1565839156341,236.839,0.136,1308.911,7.00E-04,-0.7065,0,0.7078,61.08,0.0015,0.26190585,0,TRUE,0,0,0,-0.04145237
1565839156473,237.518,0.136,1308.909,7.00E-04,-0.7063,0,0.7079,61.07,0.0015,0.2658732,0,TRUE,0,0,0,-0.02104818
1565839156660,238.196,0.136,1308.907,7.00E-04,-0.7062,0,0.708,61.05,0.00111,0.26190585,0,TRUE,0,0,0,-0.029709397
1565839156843,238.875,0.136,1308.905,7.00E-04,-0.7061,0,0.7082,61.03,4.70E-04,0.26190585,0,TRUE,0,0,0,-0.030358795
1565839156980,239.553,0.136,1308.902,7.00E-04,-0.706,0,0.7082,61.01,4.40E-04,0.26190585,0,TRUE,0,0,0,-0.04055202
1565839157112,240.23,0.136,1308.9,7.00E-04,-0.7059,0,0.7083,60.99,4.40E-04,0.2658732,0,TRUE,0,0,0,-0.042080306
1565839157240,240.908,0.136,1308.898,7.00E-04,-0.7059,0,0.7083,60.98,4.40E-04,0.2658732,0,TRUE,0,0,0,-0.021705924
1565839157369,241.586,0.136,1308.895,7.00E-04,-0.7058,0,0.7084,60.96,4.40E-04,0.2658732,0,TRUE,0,0,0,-0.043066908
1565839157506,242.263,0.136,1308.893,7.00E-04,-0.7058,0,0.7084,60.95,4.40E-04,0.26984054,0,TRUE,0,0,0,-0.020272253
1565839157639,242.94,0.136,1308.89,7.00E-04,-0.7058,0,0.7084,60.93,4.40E-04,0.2658732,0,TRUE,0,0,0,-0.04177166
1565839157769,243.617,0.136,1308.887,7.00E-04,-0.7057,0,0.7085,60.92,4.40E-04,0.2658732,0,TRUE,0,0,0,-0.021371871
1565839157903,244.294,0.136,1308.884,7.00E-04,-0.7057,0,0.7085,60.9,4.40E-04,0.26984054,0,TRUE,0,0,0,-0.041452028
1565839158041,244.97,0.136,1308.882,7.00E-04,-0.7056,0,0.7086,60.89,4.40E-04,0.25397116,0,TRUE,0,0,0,-0.020133033
1565839158169,245.647,0.136,1308.879,7.00E-04,-0.7056,0,0.7086,60.87,4.40E-04,0.25397116,0,TRUE,0,0,0,-0.043403365
1565839158302,246.323,0.136,1308.876,7.00E-04,-0.7056,0,0.7086,60.85,4.40E-04,0.25397116,0,TRUE,0,0,0,-0.041771624
1565839158432,246.999,0.136,1308.873,7.00E-04,-0.7055,0,0.7087,60.82,4.40E-04,0.25397116,0,TRUE,0,0,0,-0.06409936
1565839158567,247.675,0.136,1308.87,7.00E-04,-0.7055,0,0.7087,60.8,4.40E-04,0.25397116,0,TRUE,0,0,0,-0.041152786
1565839158694,248.35,0.136,1308.866,7.00E-04,-0.7054,0,0.7088,60.78,4.40E-04,0.25397116,0,TRUE,0,0,0,-0.04374476
1565839158821,249.025,0.136,1308.863,7.00E-04,-0.7054,0,0.7088,60.75,4.40E-04,0.25397116,0,TRUE,0,0,0,-0.065613516
1565839158951,249.7,0.136,1308.859,7.00E-04,-0.7054,0,0.7088,60.73,4.40E-04,0.25397116,0,TRUE,0,0,0,-0.04273526
1565839159084,250.375,0.136,1308.856,7.00E-04,-0.7053,0,0.7089,60.71,4.40E-04,0.25397116,0,TRUE,0,0,0,-0.041771628
1565839159219,251.05,0.136,1308.853,7.00E-04,-0.7053,0,0.7089,60.69,4.40E-04,0.25397116,0,TRUE,0,0,0,-0.041152813
1565839159350,251.724,0.136,1308.849,7.00E-04,-0.7052,0,0.709,60.66,4.40E-04,0.25397116,0,TRUE,0,0,0,-0.06360951
1565839159478,252.398,0.136,1308.845,7.00E-04,-0.7052,0,0.709,60.64,4.40E-04,0.25397116,0,TRUE,0,0,0,-0.043402996
1565839159614,253.071,0.136,1308.841,7.00E-04,-0.7052,0,0.7091,60.62,4.40E-04,0.25397116,0,TRUE,0,0,0,-0.040849876
1565839159746,253.745,0.136,1308.837,7.00E-04,-0.7051,0,0.7091,60.6,4.40E-04,0.25397116,0,TRUE,0,0,0,-0.042087797
1565839159877,254.418,0.136,1308.834,7.00E-04,-0.7051,0,0.7091,60.57,4.40E-04,0.25397116,0,TRUE,0,0,0,-0.063609995
1565839160006,255.091,0.136,1308.83,7.00E-04,-0.705,0,0.7092,60.55,4.40E-04,0.25397116,0,TRUE,0,0,0,-0.043066535
1565839160140,255.764,0.136,1308.826,7.00E-04,-0.705,0,0.7092,60.53,4.40E-04,0.26190585,0,TRUE,0,0,0,-0.041459624
1565839160269,256.436,0.136,1308.822,7.00E-04,-0.705,0,0.7093,60.51,4.40E-04,0.26190585,0,TRUE,0,0,0,-0.04306654
1565839160400,257.108,0.136,1308.817,7.00E-04,-0.7049,0,0.7093,60.49,4.40E-04,0.26190585,0,TRUE,0,0,0,-0.042400535
1565839160537,257.78,0.136,1308.813,7.00E-04,-0.7049,0,0.7093,60.47,4.40E-04,0.26190585,0,TRUE,0,0,0,-0.040551703
1565839160668,258.452,0.136,1308.808,7.00E-04,-0.7048,0,0.7094,60.46,4.40E-04,0.26190585,0,TRUE,0,0,0,-0.021208355
1565839160798,259.124,0.136,1308.804,7.00E-04,-0.7048,0,0.7094,60.44,4.40E-04,0.26190585,0,TRUE,0,0,0,-0.042735256
1565839160926,259.795,0.136,1308.8,7.00E-04,-0.7047,0,0.7095,60.42,4.40E-04,0.26190585,0,TRUE,0,0,0,-0.043403033
1565839161063,260.467,0.136,1308.795,7.00E-04,-0.7047,0,0.7095,60.4,4.40E-04,0.26190585,0,TRUE,0,0,0,-0.040543575
1565839161195,261.138,0.136,1308.79,7.00E-04,-0.7047,0,0.7095,60.39,4.40E-04,0.26190585,0,TRUE,0,0,0,-0.021047683
1565839161324,261.809,0.136,1308.785,7.00E-04,-0.7046,0,0.7096,60.37,4.40E-04,0.26190585,0,TRUE,0,0,0,-0.043066114
1565839161461,262.479,0.136,1308.781,7.00E-04,-0.7046,0,0.7096,60.35,4.40E-04,0.26190585,0,TRUE,0,0,0,-0.040551696
1565839161589,263.15,0.136,1308.776,7.00E-04,-0.7045,0,0.7097,60.33,4.40E-04,0.26190585,0,TRUE,0,0,0,-0.04339429
1565839161718,263.82,0.136,1308.771,7.00E-04,-0.7045,0,0.7097,60.31,4.40E-04,0.26190585,0,TRUE,0,0,0,-0.04306611
1565839161852,264.49,0.136,1308.766,7.00E-04,-0.7045,0,0.7097,60.3,4.40E-04,0.26190585,0,TRUE,0,0,0,-0.020733537
1565839161988,265.16,0.136,1308.761,7.00E-04,-0.7044,0,0.7098,60.28,4.40E-04,0.26190585,0,TRUE,0,0,0,-0.04084947
1565839162121,265.83,0.136,1308.755,7.00E-04,-0.7044,0,0.7098,60.26,4.40E-04,0.26190585,0,TRUE,0,0,0,-0.041770387
1565839162255,266.499,0.136,1308.75,7.00E-04,-0.7043,0,0.7099,60.24,4.40E-04,0.26190585,0,TRUE,0,0,0,-0.041451253
1565839162391,267.168,0.136,1308.745,7.00E-04,-0.7043,0,0.7099,60.23,4.40E-04,0.26190585,0,TRUE,0,0,0,-0.02042863
1565839162522,267.837,0.136,1308.739,7.00E-04,-0.7043,0,0.7099,60.21,4.40E-04,0.26190585,0,TRUE,0,0,0,-0.042408098
1565839162653,268.506,0.136,1308.734,7.00E-04,-0.7042,0,0.71,60.19,4.40E-04,0.26190585,0,TRUE,0,0,0,-0.042408608
1565839162805,269.175,0.136,1308.729,7.00E-04,-0.7042,0,0.71,60.17,3.40E-04,0.26190585,0,TRUE,0,0,0,-0.03654952
1565839162988,269.844,0.136,1308.723,7.00E-04,-0.7041,0,0.7101,60.16,-2.00E-05,0.26190585,0,TRUE,0,0,0,-0.015175962
1565839163124,270.512,0.136,1308.717,7.00E-04,-0.7041,0,0.7101,60.14,-2.00E-05,0.26190585,0,TRUE,0,0,0,-0.040848974
1565839163255,271.18,0.136,1308.712,7.00E-04,-0.7041,0,0.7101,60.12,-2.00E-05,0.26190585,0,TRUE,0,0,0,-0.042408604
1565839163429,271.848,0.136,1308.706,7.00E-04,-0.7041,0,0.7101,60.1,-2.90E-04,0.26190585,0,TRUE,0,0,0,-0.031927936
1565839163602,272.516,0.136,1308.701,6.00E-04,-0.7041,0,0.7101,60.08,-6.00E-04,0.26190585,0,TRUE,0,0,0,-0.032106753
1565839163736,273.183,0.136,1308.695,6.00E-04,-0.7042,1.00E-04,0.71,60.07,-6.00E-04,0.26190585,0,TRUE,0,0,0,-0.020733247
1565839163867,273.85,0.136,1308.69,6.00E-04,-0.7042,1.00E-04,0.71,60.05,-6.00E-04,0.26190585,0,TRUE,0,0,0,-0.0424086
1565839164000,274.518,0.136,1308.685,6.00E-04,-0.7043,1.00E-04,0.7099,60.03,-6.00E-04,0.26190585,0,TRUE,0,0,0,-0.04177094
1565839164134,275.185,0.136,1308.68,6.00E-04,-0.7043,1.00E-04,0.7099,60.01,-6.00E-04,0.25397116,0,TRUE,0,0,0,-0.041459154
1565839164265,275.851,0.136,1308.675,6.00E-04,-0.7044,1.00E-04,0.7098,59.99,-6.00E-04,0.25397116,0,TRUE,0,0,0,-0.042400513
1565839164394,276.518,0.136,1308.67,6.00E-04,-0.7044,1.00E-04,0.7098,59.97,-6.00E-04,0.25397116,0,TRUE,0,0,0,-0.043066096
1565839164527,277.184,0.136,1308.665,6.00E-04,-0.7045,1.00E-04,0.7097,59.95,-6.00E-04,0.25397116,0,TRUE,0,0,0,-0.041770875
1565839164656,277.85,0.136,1308.66,6.00E-04,-0.7046,1.00E-04,0.7097,59.93,-6.00E-04,0.25397116,0,TRUE,0,0,0,-0.043066096
1565839164785,278.516,0.136,1308.656,6.00E-04,-0.7046,1.00E-04,0.7096,59.9,-6.00E-04,0.25397116,0,TRUE,0,0,0,-0.064595684
1565839164916,279.181,0.136,1308.651,6.00E-04,-0.7047,1.00E-04,0.7095,59.88,-6.00E-04,0.25397116,0,TRUE,0,0,0,-0.042408593
1565839165052,279.846,0.136,1308.647,6.00E-04,-0.7047,1.00E-04,0.7095,59.86,-6.00E-04,0.25397116,0,TRUE,0,0,0,-0.04084986
1565839165187,280.511,0.136,1308.642,6.00E-04,-0.7048,1.00E-04,0.7094,59.84,-6.00E-04,0.25397116,0,TRUE,0,0,0,-0.041152038
1565839165337,281.176,0.136,1308.638,6.00E-04,-0.7048,1.00E-04,0.7094,59.82,-4.60E-04,0.25397116,0,TRUE,0,0,0,-0.037037205
1565839165525,281.841,0.136,1308.634,6.00E-04,-0.7049,1.00E-04,0.7093,59.79,6.30E-04,0.25397116,0,TRUE,0,0,0,-0.044323675
1565839165712,282.505,0.136,1308.63,7.00E-04,-0.7049,0,0.7093,59.77,0.00288,0.25397116,0,TRUE,0,0,0,-0.029708989
1565839165894,283.169,0.136,1308.625,7.00E-04,-0.7047,0,0.7095,59.75,0.00402,0.26190585,0,TRUE,0,0,0,-0.030524865
1565839166062,283.833,0.136,1308.62,8.00E-04,-0.7044,-1.00E-04,0.7098,59.73,0.00385,0.25397116,0,TRUE,0,0,0,-0.0330686
1565839166259,284.496,0.136,1308.614,8.00E-04,-0.7041,-1.00E-04,0.7101,59.71,0.00291,0.25397116,0,TRUE,0,0,0,-0.028200287
1565839166455,285.159,0.136,1308.607,7.00E-04,-0.7038,0,0.7104,59.69,0.00114,0.25397116,0,TRUE,0,0,0,-0.028343761
1565839166639,285.822,0.136,1308.6,7.00E-04,-0.7036,0,0.7106,59.66,-2.00E-05,0.25397116,0,TRUE,0,0,0,-0.045285434
1565839166796,286.485,0.136,1308.593,6.00E-04,-0.7035,0,0.7107,59.64,1.30E-04,0.25397116,0,TRUE,0,0,0,-0.03538457
1565839166983,287.148,0.136,1308.586,6.00E-04,-0.7035,1.00E-04,0.7107,59.62,0.00194,0.25397116,0,TRUE,0,0,0,-0.029707901
1565839167167,287.81,0.136,1308.579,7.00E-04,-0.7034,0,0.7108,59.6,0.00256,0.25397116,0,TRUE,0,0,0,-0.030192202
1565839167354,288.472,0.136,1308.572,7.00E-04,-0.7032,0,0.711,59.58,0.00206,0.25397116,0,TRUE,0,0,0,-0.02970223
1565839167548,289.134,0.136,1308.564,7.00E-04,-0.703,0,0.7112,59.55,9.00E-05,0.25397116,0,TRUE,0,0,0,-0.042955857
1565839167736,289.796,0.136,1308.556,7.00E-04,-0.7029,0,0.7113,59.53,-1.50E-04,0.25397116,0,TRUE,0,0,0,-0.029549383
1565839167925,290.457,0.136,1308.548,6.00E-04,-0.7029,1.00E-04,0.7113,59.51,0.00266,0.25397116,0,TRUE,0,0,0,-0.029392961
1565839168110,291.118,0.136,1308.54,7.00E-04,-0.7028,0,0.7114,59.49,0.00264,0.25397116,0,TRUE,0,0,0,-0.030022828
1565839168294,291.779,0.136,1308.531,7.00E-04,-0.7026,0,0.7116,59.47,5.00E-05,0.25397116,0,TRUE,0,0,0,-0.030191109
1565839168489,292.439,0.136,1308.522,7.00E-04,-0.7025,0,0.7117,59.44,-4.50E-04,0.25397116,0,TRUE,0,0,0,-0.042734735
1565839168623,293.1,0.136,1308.513,6.00E-04,-0.7025,1.00E-04,0.7117,59.42,-4.50E-04,0.25397116,0,TRUE,0,0,0,-0.041456454
1565839168752,293.76,0.136,1308.505,6.00E-04,-0.7025,1.00E-04,0.7117,59.4,-4.50E-04,0.25397116,0,TRUE,0,0,0,-0.043055985
1565839168882,294.42,0.136,1308.497,6.00E-04,-0.7025,1.00E-04,0.7117,59.38,-4.50E-04,0.25397116,0,TRUE,0,0,0,-0.04273284
1565839169014,295.079,0.136,1308.488,6.00E-04,-0.7026,1.00E-04,0.7116,59.36,-4.50E-04,0.25397116,0,TRUE,0,0,0,-0.042084657
1565839169146,295.739,0.136,1308.48,6.00E-04,-0.7026,1.00E-04,0.7116,59.33,-4.50E-04,0.25397116,0,TRUE,0,0,0,-0.063124046
1565839169278,296.398,0.136,1308.472,6.00E-04,-0.7027,1.00E-04,0.7115,59.31,-4.50E-04,0.25397116,0,TRUE,0,0,0,-0.04208545
1565839169410,297.057,0.136,1308.464,6.00E-04,-0.7027,1.00E-04,0.7115,59.29,-4.50E-04,0.25397116,0,TRUE,0,0,0,-0.04208536
1565839169540,297.715,0.136,1308.455,6.00E-04,-0.7027,1.00E-04,0.7115,59.27,-4.50E-04,0.25397116,0,TRUE,0,0,0,-0.042731993
1565839169670,298.374,0.136,1308.448,6.00E-04,-0.7028,1.00E-04,0.7114,59.25,-4.50E-04,0.25397116,0,TRUE,0,0,0,-0.042733636
1565839169800,299.032,0.136,1308.44,6.00E-04,-0.7028,1.00E-04,0.7114,59.22,-4.50E-04,0.25397116,0,TRUE,0,0,0,-0.064095154
1565839169935,299.69,0.136,1308.432,6.00E-04,-0.7028,1.00E-04,0.7113,59.2,-4.50E-04,0.25397116,0,TRUE,0,0,0,-0.04115021
1565839170089,300.347,0.136,1308.424,6.00E-04,-0.7029,1.00E-04,0.7113,59.18,-6.30E-04,0.25397116,0,TRUE,0,0,0,-0.036073152
1565839170279,301.005,0.136,1308.416,6.00E-04,-0.7029,1.00E-04,0.7113,59.16,-0.00144,0.25397116,0,TRUE,0,0,0,-0.02923831
1565839170469,301.662,0.136,1308.409,6.00E-04,-0.703,1.00E-04,0.7112,59.14,-0.00201,0.25397116,0,TRUE,0,0,0,-0.029238798
1565839170618,302.319,0.136,1308.402,6.00E-04,-0.7032,1.00E-04,0.711,59.11,-0.00215,0.25397116,0,TRUE,0,0,0,-0.055922896
1565839170746,302.975,0.136,1308.395,6.00E-04,-0.7033,1.00E-04,0.7108,59.09,-0.00215,0.25397116,0,TRUE,0,0,0,-0.043401327
1565839170877,303.632,0.136,1308.389,6.00E-04,-0.7035,1.00E-04,0.7107,59.07,-0.00215,0.25397116,0,TRUE,0,0,0,-0.042408034
1565839171059,304.288,0.136,1308.383,6.00E-04,-0.7037,1.00E-04,0.7105,59.05,-0.00182,0.25397116,0,TRUE,0,0,0,-0.030524464
1565839171243,304.944,0.136,1308.377,6.00E-04,-0.7039,1.00E-04,0.7103,59.03,-4.10E-04,0.25397116,0,TRUE,0,0,0,-0.030192623
1565839171419,305.6,0.136,1308.372,6.00E-04,-0.704,1.00E-04,0.7102,59,-2.70E-04,0.25397116,0,TRUE,0,0,0,-0.047345188
1565839171609,306.255,0.136,1308.366,7.00E-04,-0.704,0,0.7102,58.98,-9.60E-04,0.25397116,0,TRUE,0,0,0,-0.029239215
1565839171743,306.911,0.136,1308.361,6.00E-04,-0.7041,1.00E-04,0.7101,58.96,-9.60E-04,0.25397116,0,TRUE,0,0,0,-0.041459113
1565839171874,307.566,0.136,1308.355,6.00E-04,-0.7042,1.00E-04,0.71,58.94,-9.60E-04,0.25397116,0,TRUE,0,0,0,-0.04240802
1565839172022,308.22,0.136,1308.35,6.00E-04,-0.7043,1.00E-04,0.7099,58.92,-8.60E-04,0.25397116,0,TRUE,0,0,0,-0.0375373
1565839172213,308.875,0.136,1308.345,6.00E-04,-0.7043,1.00E-04,0.7099,58.9,7.90E-04,0.25397116,0,TRUE,0,0,0,-0.02908095
1565839172397,309.529,0.136,1308.34,7.00E-04,-0.7043,0,0.7099,58.87,6.30E-04,0.25397116,0,TRUE,0,0,0,-0.045292445
1565839172583,310.183,0.136,1308.335,7.00E-04,-0.7043,0,0.7099,58.85,-0.00136,0.25397116,0,TRUE,0,0,0,-0.029868385
1565839172770,310.837,0.136,1308.33,6.00E-04,-0.7043,1.00E-04,0.7099,58.83,5.80E-04,0.25397116,0,TRUE,0,0,0,-0.029702999
1565839172957,311.491,0.136,1308.325,6.00E-04,-0.7043,1.00E-04,0.7099,58.81,1.00E-05,0.25397116,0,TRUE,0,0,0,-0.029708665
1565839173148,312.144,0.136,1308.319,7.00E-04,-0.7043,0,0.7099,58.79,-5.90E-04,0.25397116,0,TRUE,0,0,0,-0.029086122
1565839173333,312.797,0.136,1308.314,6.00E-04,-0.7043,1.00E-04,0.7099,58.76,-1.20E-04,0.25397116,0,TRUE,0,0,0,-0.045047615
1565839173464,313.45,0.136,1308.31,6.00E-04,-0.7044,1.00E-04,0.7098,58.74,-1.20E-04,0.25397116,0,TRUE,0,0,0,-0.04240095
1565839173596,314.102,0.136,1308.305,6.00E-04,-0.7044,0,0.7098,58.72,-1.50E-04,0.25397116,0,TRUE,0,0,0,-0.042087268
1565839173725,314.755,0.136,1308.3,6.00E-04,-0.7044,0,0.7098,58.7,-1.50E-04,0.25397116,0,TRUE,0,0,0,-0.043066047
1565839173901,315.407,0.136,1308.295,6.00E-04,-0.7044,0,0.7098,58.68,-4.20E-04,0.25397116,0,TRUE,0,0,0,-0.031565446
1565839174064,316.059,0.136,1308.29,6.00E-04,-0.7044,1.00E-04,0.7098,58.66,-6.50E-04,0.25397116,0,TRUE,0,0,0,-0.03408294
1565839174192,316.71,0.136,1308.285,6.00E-04,-0.7045,1.00E-04,0.7097,58.63,-6.50E-04,0.25397116,0,TRUE,0,0,0,-0.0650996
1565839174324,317.362,0.136,1308.28,6.00E-04,-0.7045,1.00E-04,0.7097,58.61,-6.50E-04,0.24998856,0,TRUE,0,0,0,-0.042087264
1565839174477,318.013,0.136,1308.276,6.00E-04,-0.7046,1.00E-04,0.7096,58.59,-6.50E-04,0.2182498,0,TRUE,0,0,0,-0.03631096
1565839174637,318.664,0.136,1308.272,6.00E-04,-0.7046,1.00E-04,0.7096,58.55,-6.50E-04,0.15475702,0,TRUE,0,0,0,-0.0694447
1565839174782,319.314,0.136,1308.267,6.00E-04,-0.7047,0,0.7095,58.47,-6.50E-04,0.1825437,0,TRUE,0,0,0,-0.15324837
1565839174924,319.963,0.136,1308.263,6.00E-04,-0.7048,0,0.7094,58.36,-6.50E-04,0.21031511,0,TRUE,0,0,0,-0.215177
1565839175059,320.611,0.136,1308.259,6.00E-04,-0.7048,0,0.7094,58.3,-6.50E-04,0.21428245,0,TRUE,0,0,0,-0.12345738
1565839175191,321.258,0.136,1308.255,6.00E-04,-0.7049,0,0.7093,58.26,-6.50E-04,0.2182498,0,TRUE,0,0,0,-0.08417537
1565839175326,321.905,0.136,1308.251,6.00E-04,-0.7049,1.00E-04,0.7093,58.22,-6.50E-04,0.22221714,0,TRUE,0,0,0,-0.08229696
1565839175462,322.552,0.136,1308.247,6.00E-04,-0.705,1.00E-04,0.7092,58.17,-6.50E-04,0.23015183,0,TRUE,0,0,0,-0.10212844
1565839175603,323.198,0.136,1308.243,6.00E-04,-0.705,1.00E-04,0.7092,58.14,-6.50E-04,0.23808652,0,TRUE,0,0,0,-0.059098173
1565839175740,323.844,0.136,1308.24,6.00E-04,-0.7051,1.00E-04,0.7091,58.11,-6.50E-04,0.23808652,0,TRUE,0,0,0,-0.0608241
1565839175869,324.489,0.136,1308.237,6.00E-04,-0.7051,1.00E-04,0.7091,58.08,-6.50E-04,0.23808652,0,TRUE,0,0,0,-0.0645962
1565839176002,325.134,0.136,1308.233,6.00E-04,-0.7052,1.00E-04,0.709,58.04,-6.50E-04,0.23808652,0,TRUE,0,0,0,-0.08354247
1565839176139,325.779,0.136,1308.23,6.00E-04,-0.7053,1.00E-04,0.709,58.01,-6.50E-04,0.23808652,0,TRUE,0,0,0,-0.06083183
1565839176274,326.424,0.136,1308.227,6.00E-04,-0.7053,1.00E-04,0.7089,57.98,-6.50E-04,0.23015183,0,TRUE,0,0,0,-0.061725248
1565839176401,327.068,0.136,1308.224,6.00E-04,-0.7054,1.00E-04,0.7088,57.95,-6.50E-04,0.23015183,0,TRUE,0,0,0,-0.0656134
1565839176536,327.711,0.136,1308.221,6.00E-04,-0.7054,1.00E-04,0.7088,57.91,-6.50E-04,0.23015183,0,TRUE,0,0,0,-0.08230548
1565839176677,328.355,0.136,1308.218,6.00E-04,-0.7055,1.00E-04,0.7087,57.88,-6.50E-04,0.23015183,0,TRUE,0,0,0,-0.05909864
1565839176812,328.998,0.136,1308.215,6.00E-04,-0.7055,1.00E-04,0.7087,57.84,-6.50E-04,0.22618449,0,TRUE,0,0,0,-0.08230548
1565839176945,329.64,0.136,1308.212,6.00E-04,-0.7056,1.00E-04,0.7086,57.8,-6.50E-04,0.22221714,0,TRUE,0,0,0,-0.08354323
1565839177072,330.282,0.136,1308.21,6.00E-04,-0.7056,1.00E-04,0.7086,57.77,-6.50E-04,0.22221714,0,TRUE,0,0,0,-0.0656138
1565839177213,330.924,0.136,1308.207,6.00E-04,-0.7057,1.00E-04,0.7085,57.73,-6.50E-04,0.22221714,0,TRUE,0,0,0,-0.0788032
1565839177343,331.565,0.136,1308.205,6.00E-04,-0.7058,1.00E-04,0.7085,57.69,-6.50E-04,0.22221714,0,TRUE,0,0,0,-0.08547159
1565839177473,332.206,0.136,1308.203,6.00E-04,-0.7058,1.00E-04,0.7084,57.65,-6.50E-04,0.22221714,0,TRUE,0,0,0,-0.0854635
1565839177604,332.846,0.136,1308.201,6.00E-04,-0.7059,1.00E-04,0.7083,57.61,-6.50E-04,0.22221714,0,TRUE,0,0,0,-0.08481919
1565839177740,333.486,0.136,1308.199,6.00E-04,-0.7059,1.00E-04,0.7083,57.57,-6.50E-04,0.22618449,0,TRUE,0,0,0,-0.08170079
1565839177870,334.125,0.136,1308.197,6.00E-04,-0.706,1.00E-04,0.7082,57.53,-6.50E-04,0.22618449,0,TRUE,0,0,0,-0.08547164
1565839177999,334.764,0.136,1308.195,6.00E-04,-0.706,1.00E-04,0.7082,57.49,-6.50E-04,0.22618449,0,TRUE,0,0,0,-0.08612595
1565839178132,335.403,0.136,1308.193,6.00E-04,-0.7061,1.00E-04,0.7081,57.45,-6.50E-04,0.22618449,0,TRUE,0,0,0,-0.08354372
1565839178265,336.041,0.136,1308.191,6.00E-04,-0.7061,1.00E-04,0.7081,57.41,-6.50E-04,0.22618449,0,TRUE,0,0,0,-0.08354372
1565839178393,336.679,0.136,1308.19,6.00E-04,-0.7062,1.00E-04,0.708,57.38,-6.50E-04,0.22618449,0,TRUE,0,0,0,-0.06510142
1565839178521,337.316,0.136,1308.188,6.00E-04,-0.7062,1.00E-04,0.708,57.34,-6.50E-04,0.22618449,0,TRUE,0,0,0,-0.08680714
1565839178654,337.953,0.136,1308.187,6.00E-04,-0.7063,1.00E-04,0.7079,57.3,-6.50E-04,0.23015183,0,TRUE,0,0,0,-0.08354401
1565839178789,338.589,0.136,1308.186,6.00E-04,-0.7064,1.00E-04,0.7079,57.27,-6.50E-04,0.23015183,0,TRUE,0,0,0,-0.06172581
1565839178927,339.225,0.136,1308.185,6.00E-04,-0.7064,1.00E-04,0.7078,57.23,-6.50E-04,0.23015183,0,TRUE,0,0,0,-0.080517046
1565839179058,339.861,0.136,1308.184,6.00E-04,-0.7065,1.00E-04,0.7077,57.2,-6.50E-04,0.23015183,0,TRUE,0,0,0,-0.063610554
1565839179187,340.496,0.136,1308.183,6.00E-04,-0.7065,1.00E-04,0.7077,57.16,-6.50E-04,0.23015183,0,TRUE,0,0,0,-0.08613452
1565839179322,341.131,0.136,1308.182,6.00E-04,-0.7066,1.00E-04,0.7076,57.12,-6.50E-04,0.23015183,0,TRUE,0,0,0,-0.0823063
1565839179453,341.766,0.136,1308.181,6.00E-04,-0.7066,1.00E-04,0.7076,57.09,-6.50E-04,0.22221714,0,TRUE,0,0,0,-0.063610576
1565839179584,342.4,0.136,1308.18,6.00E-04,-0.7067,1.00E-04,0.7075,57.05,-6.50E-04,0.22221714,0,TRUE,0,0,0,-0.08481948
1565839179723,343.034,0.136,1308.18,6.00E-04,-0.7067,1.00E-04,0.7075,57.01,-6.50E-04,0.22221714,0,TRUE,0,0,0,-0.07993789
1565839179857,343.667,0.136,1308.179,6.00E-04,-0.7068,1.00E-04,0.7074,56.97,-6.50E-04,0.22221714,0,TRUE,0,0,0,-0.0829126
1565839179989,344.3,0.136,1308.179,6.00E-04,-0.7068,1.00E-04,0.7074,56.93,-6.50E-04,0.22221714,0,TRUE,0,0,0,-0.08417701
1565839180123,344.932,0.136,1308.179,6.00E-04,-0.7069,1.00E-04,0.7073,56.89,-6.50E-04,0.22221714,0,TRUE,0,0,0,-0.08292065
1565839180257,345.564,0.136,1308.179,6.00E-04,-0.707,1.00E-04,0.7073,56.85,-6.50E-04,0.22221714,0,TRUE,0,0,0,-0.08292064
1565839180392,346.195,0.136,1308.179,6.00E-04,-0.707,1.00E-04,0.7072,56.81,-6.50E-04,0.22618449,0,TRUE,0,0,0,-0.08229856
1565839180523,346.826,0.136,1308.179,6.00E-04,-0.7071,1.00E-04,0.7071,56.77,-6.50E-04,0.22618449,0,TRUE,0,0,0,-0.084819585
1565839180695,347.457,0.136,1308.179,6.00E-04,-0.7071,1.00E-04,0.7071,56.74,-4.10E-04,0.22618449,0,TRUE,0,0,0,-0.04844764
1565839180883,348.087,0.136,1308.179,6.00E-04,-0.7072,1.00E-04,0.707,56.7,0.00131,0.22618449,0,TRUE,0,0,0,-0.059103005
1565839181069,348.717,0.136,1308.179,7.00E-04,-0.7071,0,0.7071,56.66,0.00167,0.23015183,0,TRUE,0,0,0,-0.059738524
1565839181259,349.346,0.136,1308.178,7.00E-04,-0.707,0,0.7072,56.63,-6.90E-04,0.23015183,0,TRUE,0,0,0,-0.043857813
1565839181441,349.975,0.136,1308.178,7.00E-04,-0.707,0,0.7072,56.59,-8.30E-04,0.23015183,0,TRUE,0,0,0,-0.06105146
1565839181634,350.604,0.136,1308.178,6.00E-04,-0.707,1.00E-04,0.7072,56.56,7.50E-04,0.23015183,0,TRUE,0,0,0,-0.04317614
1565839181825,351.232,0.136,1308.178,6.00E-04,-0.707,0,0.7072,56.52,-4.20E-04,0.23015183,0,TRUE,0,0,0,-0.05817469
1565839182005,351.86,0.136,1308.178,6.00E-04,-0.707,0,0.7072,56.49,-0.00133,0.22221714,0,TRUE,0,0,0,-0.046294414
1565839182193,352.487,0.136,1308.178,6.00E-04,-0.7071,1.00E-04,0.7071,56.45,-3.30E-04,0.22221714,0,TRUE,0,0,0,-0.05910301
1565839182326,353.114,0.136,1308.178,6.00E-04,-0.7071,1.00E-04,0.7071,56.41,-3.30E-04,0.22221714,0,TRUE,0,0,0,-0.083544105
1565839182495,353.741,0.136,1308.178,6.00E-04,-0.7072,0,0.707,56.37,-6.00E-05,0.2182498,0,TRUE,0,0,0,-0.06574773
1565839182681,354.367,0.136,1308.178,6.00E-04,-0.7072,0,0.707,56.33,0.00119,0.2182498,0,TRUE,0,0,0,-0.059732825
1565839182863,354.993,0.136,1308.178,7.00E-04,-0.7072,0,0.7071,56.28,2.60E-04,0.2182498,0,TRUE,0,0,0,-0.076317236
1565839183048,355.618,0.136,1308.178,7.00E-04,-0.7071,0,0.7071,56.24,-7.20E-04,0.2182498,0,TRUE,0,0,0,-0.060055707
1565839183232,356.243,0.136,1308.178,6.00E-04,-0.7071,0,0.7071,56.2,-2.00E-05,0.2182498,0,TRUE,0,0,0,-0.060387857
1565839183429,356.867,0.136,1308.178,6.00E-04,-0.7071,0,0.7071,56.16,0.00101,0.21428245,0,TRUE,0,0,0,-0.056402873
1565839183592,357.49,0.136,1308.178,7.00E-04,-0.7071,0,0.7071,56.12,0.00128,0.21428245,0,TRUE,0,0,0,-0.06816789
1565839183725,358.114,0.136,1308.177,7.00E-04,-0.707,0,0.7072,56.07,0.00127,0.21428245,0,TRUE,0,0,0,-0.10442601
1565839183864,358.736,0.136,1308.177,7.00E-04,-0.7069,0,0.7073,56.03,0.00127,0.21428245,0,TRUE,0,0,0,-0.07993788
1565839184029,359.359,0.136,1308.176,7.00E-04,-0.7068,0,0.7074,55.98,0.00104,0.21428245,0,TRUE,0,0,0,-0.084173694
1565839184214,359.98,0.136,1308.175,7.00E-04,-0.7067,0,0.7075,55.94,6.50E-04,0.2182498,0,TRUE,0,0,0,-0.06006136
1565839184361,360.602,0.136,1308.174,7.00E-04,-0.7066,0,0.7076,55.9,5.20E-04,0.2182498,0,TRUE,0,0,0,-0.075580195
1565839184504,361.223,0.136,1308.173,7.00E-04,-0.7066,0,0.7076,55.85,4.40E-04,0.2182498,0,TRUE,0,0,0,-0.0971309
1565839184692,361.843,0.136,1308.172,7.00E-04,-0.7065,0,0.7077,55.81,-2.00E-05,0.2182498,0,TRUE,0,0,0,-0.059097297
1565839184836,362.463,0.136,1308.171,6.00E-04,-0.7065,0,0.7077,55.77,-7.00E-05,0.21428245,0,TRUE,0,0,0,-0.07716216
1565839184964,363.082,0.136,1308.17,6.00E-04,-0.7065,0,0.7077,55.73,-7.00E-05,0.21428245,0,TRUE,0,0,0,-0.08680744
1565839185095,363.701,0.136,1308.169,6.00E-04,-0.7065,0,0.7077,55.68,-7.00E-05,0.2182498,0,TRUE,0,0,0,-0.10602026
1565839185227,364.32,0.136,1308.168,6.00E-04,-0.7065,0,0.7077,55.64,-7.00E-05,0.2182498,0,TRUE,0,0,0,-0.084176905
1565839185359,364.938,0.136,1308.167,6.00E-04,-0.7065,0,0.7077,55.6,-7.00E-05,0.2182498,0,TRUE,0,0,0,-0.084176905
1565839185496,365.555,0.136,1308.166,6.00E-04,-0.7065,0,0.7077,55.56,-7.00E-05,0.2182498,0,TRUE,0,0,0,-0.08109702
1565839185626,366.172,0.136,1308.165,6.00E-04,-0.7065,0,0.7077,55.52,-7.00E-05,0.2182498,0,TRUE,0,0,0,-0.085471936
1565839185760,366.789,0.136,1308.164,6.00E-04,-0.7065,0,0.7077,55.47,-7.00E-05,0.2182498,0,TRUE,0,0,0,-0.10364668
1565839185890,367.405,0.136,1308.163,6.00E-04,-0.7065,0,0.7077,55.43,-7.00E-05,0.2182498,0,TRUE,0,0,0,-0.085471936
1565839186019,368.021,0.136,1308.162,6.00E-04,-0.7065,0,0.7077,55.39,-7.00E-05,0.2182498,0,TRUE,0,0,0,-0.086134516
1565839186147,368.636,0.136,1308.161,6.00E-04,-0.7065,0,0.7077,55.35,-7.00E-05,0.2182498,0,TRUE,0,0,0,-0.08680743
1565839186284,369.251,0.136,1308.16,6.00E-04,-0.7066,0,0.7077,55.31,-7.00E-05,0.2182498,0,TRUE,0,0,0,-0.08109702
1565839186413,369.865,0.136,1308.159,6.00E-04,-0.7066,0,0.7077,55.27,-7.00E-05,0.2182498,0,TRUE,0,0,0,-0.08613451
1565839186545,370.479,0.136,1308.159,6.00E-04,-0.7066,0,0.7077,55.22,-7.00E-05,0.2182498,0,TRUE,0,0,0,-0.105217256
1565839186678,371.092,0.136,1308.158,6.00E-04,-0.7066,0,0.7076,55.18,-7.00E-05,0.22221714,0,TRUE,0,0,0,-0.083543964
1565839186811,371.705,0.136,1308.157,6.00E-04,-0.7066,0,0.7076,55.14,-7.00E-05,0.2182498,0,TRUE,0,0,0,-0.083544
1565839186947,372.318,0.136,1308.156,6.00E-04,-0.7066,0,0.7076,55.1,-7.00E-05,0.21428245,0,TRUE,0,0,0,-0.081701115
1565839187079,372.93,0.136,1308.155,6.00E-04,-0.7066,0,0.7076,55.06,-7.00E-05,0.2182498,0,TRUE,0,0,0,-0.084168874
1565839187213,373.541,0.136,1308.154,6.00E-04,-0.7066,0,0.7076,55.02,-7.00E-05,0.2182498,0,TRUE,0,0,0,-0.08292054
1565839187341,374.152,0.136,1308.153,6.00E-04,-0.7066,0,0.7076,54.97,-7.00E-05,0.2182498,0,TRUE,0,0,0,-0.108505115
1565839187477,374.763,0.136,1308.152,6.00E-04,-0.7066,0,0.7076,54.93,-7.00E-05,0.2182498,0,TRUE,0,0,0,-0.081701115
1565839187607,375.373,0.136,1308.151,6.00E-04,-0.7066,0,0.7076,54.89,-7.00E-05,0.2182498,0,TRUE,0,0,0,-0.08547193
1565839187737,375.982,0.136,1308.15,6.00E-04,-0.7066,0,0.7076,54.85,-7.00E-05,0.2182498,0,TRUE,0,0,0,-0.085471936
1565839187869,376.592,0.136,1308.149,6.00E-04,-0.7066,0,0.7076,54.81,-7.00E-05,0.2182498,0,TRUE,0,0,0,-0.08416888
1565839187998,377.2,0.136,1308.148,6.00E-04,-0.7066,0,0.7076,54.76,-7.00E-05,0.2182498,0,TRUE,0,0,0,-0.1076722
1565839188192,377.809,0.136,1308.147,6.00E-04,-0.7066,0,0.7076,54.72,-5.50E-04,0.2182498,0,TRUE,0,0,0,-0.057269547
1565839188361,378.416,0.136,1308.146,6.00E-04,-0.7066,0,0.7076,54.68,-8.50E-04,0.2182498,0,TRUE,0,0,0,-0.06574764
1565839188503,379.024,0.136,1308.145,6.00E-04,-0.7067,1.00E-04,0.7075,54.64,-7.70E-04,0.22221714,0,TRUE,0,0,0,-0.078248955
1565839188696,379.631,0.136,1308.145,6.00E-04,-0.7068,1.00E-04,0.7075,54.6,2.30E-04,0.22221714,0,TRUE,0,0,0,-0.057571843
1565839188875,380.237,0.136,1308.144,6.00E-04,-0.7068,0,0.7074,54.56,6.60E-04,0.22618449,0,TRUE,0,0,0,-0.062068667
1565839189011,380.843,0.136,1308.144,7.00E-04,-0.7067,0,0.7075,54.52,6.60E-04,0.23411918,0,TRUE,0,0,0,-0.08170122
1565839189173,381.449,0.136,1308.143,7.00E-04,-0.7067,0,0.7075,54.49,4.80E-04,0.23808652,0,TRUE,0,0,0,-0.05143816
1565839189354,382.054,0.136,1308.142,7.00E-04,-0.7066,0,0.7076,54.46,9.00E-05,0.24205387,0,TRUE,0,0,0,-0.04604444
1565839189502,382.659,0.136,1308.141,7.00E-04,-0.7066,0,0.7076,54.43,4.00E-05,0.24998856,0,TRUE,0,0,0,-0.056303944
1565839189631,383.264,0.136,1308.14,6.00E-04,-0.7066,0,0.7076,54.4,4.00E-05,0.24998856,0,TRUE,0,0,0,-0.06459678
1565839189760,383.868,0.136,1308.139,6.00E-04,-0.7066,0,0.7076,54.38,4.00E-05,0.24205387,0,TRUE,0,0,0,-0.043067258
1565839189894,384.472,0.136,1308.138,6.00E-04,-0.7066,0,0.7076,54.35,4.00E-05,0.24602121,0,TRUE,0,0,0,-0.062194318
1565839190031,385.076,0.136,1308.137,6.00E-04,-0.7066,0,0.7076,54.33,4.00E-05,0.24602121,0,TRUE,0,0,0,-0.040544644
1565839190163,385.679,0.136,1308.136,6.00E-04,-0.7066,0,0.7076,54.3,4.00E-05,0.24205387,0,TRUE,0,0,0,-0.06313669
1565839190299,386.283,0.136,1308.135,6.00E-04,-0.7066,0,0.7076,54.27,-2.00E-05,0.24205387,0,TRUE,0,0,0,-0.061271936
1565839190484,386.885,0.136,1308.134,6.00E-04,-0.7066,0,0.7076,54.24,-6.30E-04,0.24205387,0,TRUE,0,0,0,-0.04504316
1565839190630,387.488,0.136,1308.133,6.00E-04,-0.7066,1.00E-04,0.7076,54.22,-7.60E-04,0.24205387,0,TRUE,0,0,0,-0.038052574
1565839190760,388.09,0.136,1308.133,6.00E-04,-0.7067,1.00E-04,0.7075,54.19,-7.60E-04,0.24205387,0,TRUE,0,0,0,-0.0641081
1565839190890,388.692,0.136,1308.132,6.00E-04,-0.7067,1.00E-04,0.7075,54.16,-7.60E-04,0.24205387,0,TRUE,0,0,0,-0.06409985
1565839191018,389.294,0.136,1308.132,6.00E-04,-0.7068,1.00E-04,0.7074,54.13,-7.60E-04,0.24205387,0,TRUE,0,0,0,-0.06510152
1565839191144,389.895,0.136,1308.131,6.00E-04,-0.7068,1.00E-04,0.7074,54.1,-7.60E-04,0.24205387,0,TRUE,0,0,0,-0.0661432
1565839191269,390.496,0.136,1308.131,6.00E-04,-0.7069,1.00E-04,0.7073,54.07,-7.60E-04,0.24205387,0,TRUE,0,0,0,-0.06666396
1565839191400,391.097,0.136,1308.131,6.00E-04,-0.707,1.00E-04,0.7072,54.05,-7.60E-04,0.24205387,0,TRUE,0,0,0,-0.042409793
1565839191534,391.697,0.136,1308.131,6.00E-04,-0.707,1.00E-04,0.7072,54.02,-7.60E-04,0.24602121,0,TRUE,0,0,0,-0.06218652
1565839191664,392.297,0.136,1308.131,6.00E-04,-0.7071,1.00E-04,0.7071,53.99,-7.60E-04,0.24602121,0,TRUE,0,0,0,-0.06409996
1565839191796,392.897,0.136,1308.131,6.00E-04,-0.7072,1.00E-04,0.7071,53.97,-7.60E-04,0.25397116,0,TRUE,0,0,0,-0.042088505
1565839191926,393.497,0.136,1308.132,6.00E-04,-0.7072,1.00E-04,0.707,53.94,-7.60E-04,0.25397116,0,TRUE,0,0,0,-0.06410802
1565839192054,394.096,0.136,1308.132,6.00E-04,-0.7073,1.00E-04,0.7069,53.92,-7.60E-04,0.26190585,0,TRUE,0,0,0,-0.04340377
1565839192183,394.695,0.136,1308.133,6.00E-04,-0.7073,1.00E-04,0.7069,53.9,-7.60E-04,0.2658732,0,TRUE,0,0,0,-0.043059025
1565839192313,395.294,0.136,1308.133,6.00E-04,-0.7074,1.00E-04,0.7068,53.89,-7.60E-04,0.2658732,0,TRUE,0,0,0,-0.021372087
1565839192446,395.892,0.136,1308.134,6.00E-04,-0.7075,1.00E-04,0.7068,53.87,-7.60E-04,0.2658732,0,TRUE,0,0,0,-0.041772
1565839192572,396.491,0.136,1308.135,6.00E-04,-0.7075,1.00E-04,0.7067,53.86,-7.60E-04,0.2658732,0,TRUE,0,0,0,-0.02204213
1565839192701,397.089,0.136,1308.136,6.00E-04,-0.7076,1.00E-04,0.7066,53.84,-7.60E-04,0.2658732,0,TRUE,0,0,0,-0.043067258
1565839192879,397.688,0.136,1308.137,6.00E-04,-0.7076,1.00E-04,0.7066,53.83,-4.20E-04,0.2658732,0,TRUE,0,0,0,-0.015602854
1565839193068,398.286,0.136,1308.138,6.00E-04,-0.7077,1.00E-04,0.7065,53.81,0.00181,0.2658732,0,TRUE,0,0,0,-0.029395109
1565839193257,398.883,0.136,1308.138,7.00E-04,-0.7076,0,0.7066,53.8,0.00225,0.2658732,0,TRUE,0,0,0,-0.014700377
1565839193446,399.481,0.136,1308.139,7.00E-04,-0.7075,0,0.7067,53.78,3.00E-04,0.2658732,0,TRUE,0,0,0,-0.029395096
1565839193631,400.079,0.136,1308.139,7.00E-04,-0.7074,0,0.7068,53.77,8.00E-05,0.26984054,0,TRUE,0,0,0,-0.015012496
1565839193824,400.676,0.136,1308.14,7.00E-04,-0.7074,1.00E-04,0.7069,53.75,0.00168,0.26984054,0,TRUE,0,0,0,-0.028785884
1565839194014,401.273,0.136,1308.14,7.00E-04,-0.7073,0,0.7069,53.74,0.001,0.26984054,0,TRUE,0,0,0,-0.01461743
1565839194198,401.87,0.136,1308.14,7.00E-04,-0.7072,0,0.707,53.73,1.20E-04,0.26190585,0,TRUE,0,0,0,-0.015099844
1565839194394,402.467,0.136,1308.14,7.00E-04,-0.7071,0,0.7071,53.71,0.00114,0.26190585,0,TRUE,0,0,0,-0.02834532
1565839194524,403.064,0.136,1308.14,7.00E-04,-0.7071,0,0.7071,53.7,0.00114,0.26190585,0,TRUE,0,0,0,-0.021363936
1565839194718,403.661,0.136,1308.139,7.00E-04,-0.707,0,0.7072,53.68,3.90E-04,0.26190585,0,TRUE,0,0,0,-0.028637502
1565839194870,404.257,0.136,1308.139,7.00E-04,-0.7069,0,0.7073,53.66,2.50E-04,0.26190585,0,TRUE,0,0,0,-0.036550544
1565839194995,404.853,0.136,1308.138,7.00E-04,-0.7069,0,0.7073,53.64,2.50E-04,0.26190585,0,TRUE,0,0,0,-0.044445388
1565839195125,405.449,0.136,1308.138,7.00E-04,-0.7069,0,0.7073,53.63,2.50E-04,0.26190585,0,TRUE,0,0,0,-0.021363936
1565839195249,406.045,0.136,1308.137,7.00E-04,-0.7069,0,0.7074,53.61,2.50E-04,0.26190585,0,TRUE,0,0,0,-0.04480384
1565839195377,406.641,0.136,1308.137,7.00E-04,-0.7068,0,0.7074,53.59,2.50E-04,0.2658732,0,TRUE,0,0,0,-0.04340377
1565839195571,407.236,0.136,1308.136,7.00E-04,-0.7068,0,0.7074,53.58,-1.90E-04,0.26190585,0,TRUE,0,0,0,-0.01431602
1565839195747,407.831,0.136,1308.136,7.00E-04,-0.7068,0,0.7074,53.56,-7.70E-04,0.2658732,0,TRUE,0,0,0,-0.031566378
1565839195878,408.426,0.136,1308.135,6.00E-04,-0.7068,1.00E-04,0.7074,53.54,-7.70E-04,0.2658732,0,TRUE,0,0,0,-0.042409733
1565839196014,409.021,0.136,1308.135,6.00E-04,-0.7069,1.00E-04,0.7073,53.53,-7.70E-04,0.26190585,0,TRUE,0,0,0,-0.020429201
1565839196139,409.616,0.136,1308.135,6.00E-04,-0.707,1.00E-04,0.7072,53.51,-7.70E-04,0.26190585,0,TRUE,0,0,0,-0.044445463
1565839196272,410.21,0.136,1308.135,6.00E-04,-0.707,1.00E-04,0.7072,53.5,-7.70E-04,0.26190585,0,TRUE,0,0,0,-0.020882044
1565839196397,410.805,0.136,1308.135,6.00E-04,-0.7071,1.00E-04,0.7071,53.48,-7.70E-04,0.26190585,0,TRUE,0,0,0,-0.044445463
1565839196529,411.399,0.136,1308.135,6.00E-04,-0.7072,1.00E-04,0.7071,53.46,-7.70E-04,0.26190585,0,TRUE,0,0,0,-0.042088505
1565839196659,411.993,0.136,1308.136,6.00E-04,-0.7072,1.00E-04,0.707,53.44,-7.70E-04,0.26190585,0,TRUE,0,0,0,-0.04273596
1565839196786,412.587,0.136,1308.136,6.00E-04,-0.7073,1.00E-04,0.7069,53.43,-7.70E-04,0.26190585,0,TRUE,0,0,0,-0.021868596
1565839196911,413.18,0.136,1308.137,6.00E-04,-0.7073,1.00E-04,0.7069,53.41,-7.70E-04,0.26190585,0,TRUE,0,0,0,-0.044445403
1565839197042,413.774,0.136,1308.137,6.00E-04,-0.7074,1.00E-04,0.7068,53.39,-7.70E-04,0.26190585,0,TRUE,0,0,0,-0.042409793
1565839197173,414.367,0.136,1308.138,6.00E-04,-0.7075,1.00E-04,0.7068,53.37,-7.70E-04,0.26190585,0,TRUE,0,0,0,-0.042409737
1565839197298,414.96,0.136,1308.139,6.00E-04,-0.7075,1.00E-04,0.7067,53.36,-7.70E-04,0.26190585,0,TRUE,0,0,0,-0.022218455
1565839197430,415.553,0.136,1308.14,6.00E-04,-0.7076,1.00E-04,0.7066,53.34,-7.70E-04,0.26190585,0,TRUE,0,0,0,-0.04208845
1565839197562,416.145,0.136,1308.141,6.00E-04,-0.7076,1.00E-04,0.7066,53.32,-7.70E-04,0.25397116,0,TRUE,0,0,0,-0.042088453
1565839197696,416.738,0.136,1308.142,6.00E-04,-0.7077,1.00E-04,0.7065,53.3,-7.70E-04,0.26190585,0,TRUE,0,0,0,-0.041460264
1565839197823,417.33,0.136,1308.143,6.00E-04,-0.7078,1.00E-04,0.7064,53.28,-7.70E-04,0.26190585,0,TRUE,0,0,0,-0.04374548
1565839197955,417.922,0.136,1308.144,6.00E-04,-0.7078,1.00E-04,0.7064,53.27,-7.70E-04,0.26190585,0,TRUE,0,0,0,-0.021040205
1565839198084,418.513,0.136,1308.146,6.00E-04,-0.7079,1.00E-04,0.7063,53.25,-7.70E-04,0.26190585,0,TRUE,0,0,0,-0.043067075
1565839198210,419.105,0.136,1308.147,6.00E-04,-0.7079,1.00E-04,0.7063,53.23,-7.70E-04,0.26190585,0,TRUE,0,0,0,-0.04409266
1565839198335,419.696,0.136,1308.149,6.00E-04,-0.708,1.00E-04,0.7062,53.21,-7.70E-04,0.26190585,0,TRUE,0,0,0,-0.044445187
1565839198467,420.288,0.136,1308.15,6.00E-04,-0.7081,1.00E-04,0.7061,53.2,-7.70E-04,0.26190585,0,TRUE,0,0,0,-0.021040212
1565839198597,420.879,0.136,1308.152,6.00E-04,-0.7081,1.00E-04,0.7061,53.18,-7.70E-04,0.26190585,0,TRUE,0,0,0,-0.04273579
1565839198723,421.469,0.136,1308.154,6.00E-04,-0.7082,1.00E-04,0.706,53.16,-7.70E-04,0.26190585,0,TRUE,0,0,0,-0.044092447
1565839198853,422.06,0.136,1308.156,6.00E-04,-0.7082,1.00E-04,0.706,53.14,-7.70E-04,0.26190585,0,TRUE,0,0,0,-0.04273579
1565839198979,422.65,0.136,1308.158,6.00E-04,-0.7083,1.00E-04,0.7059,53.13,-7.70E-04,0.26190585,0,TRUE,0,0,0,-0.022042038
1565839199111,423.241,0.136,1308.16,6.00E-04,-0.7084,1.00E-04,0.7058,53.11,-7.70E-04,0.26190585,0,TRUE,0,0,0,-0.042088244
1565839199243,423.831,0.136,1308.163,6.00E-04,-0.7084,1.00E-04,0.7058,53.09,-7.70E-04,0.26190585,0,TRUE,0,0,0,-0.042087987
1565839199369,424.42,0.136,1308.165,6.00E-04,-0.7085,1.00E-04,0.7057,53.07,-7.70E-04,0.26190585,0,TRUE,0,0,0,-0.044092443
1565839199546,425.01,0.136,1308.168,6.00E-04,-0.7086,1.00E-04,0.7057,53.06,-4.20E-04,0.26190585,0,TRUE,0,0,0,-0.015690833
1565839199728,425.599,0.136,1308.17,6.00E-04,-0.7086,1.00E-04,0.7056,53.04,7.40E-04,0.26190585,0,TRUE,0,0,0,-0.030525543
1565839199856,426.189,0.136,1308.173,7.00E-04,-0.7086,0,0.7056,53.02,7.40E-04,0.26190585,0,TRUE,0,0,0,-0.043403234
1565839199987,426.778,0.136,1308.175,7.00E-04,-0.7085,0,0.7057,53,7.10E-04,0.2658732,0,TRUE,0,0,0,-0.042409528
1565839200117,427.367,0.136,1308.177,7.00E-04,-0.7085,0,0.7057,52.99,7.10E-04,0.26984054,0,TRUE,0,0,0,-0.021363819
1565839200263,427.955,0.136,1308.179,7.00E-04,-0.7084,0,0.7058,52.97,6.90E-04,0.28570992,0,TRUE,0,0,0,-0.038052414
1565839200437,428.544,0.136,1308.181,7.00E-04,-0.7084,0,0.7058,52.97,4.80E-04,0.29761195,0,TRUE,0,0,0,0
1565839200570,429.133,0.136,1308.183,7.00E-04,-0.7083,0,0.7059,52.97,4.80E-04,0.29761195,0,TRUE,0,0,0,0
1565839200708,429.721,0.136,1308.185,7.00E-04,-0.7083,0,0.7059,52.97,4.80E-04,0.3015793,0,TRUE,0,0,0,0
1565839200837,430.31,0.136,1308.187,7.00E-04,-0.7082,0,0.706,52.97,4.80E-04,0.30554664,0,TRUE,0,0,0,0
1565839200966,430.899,0.136,1308.189,7.00E-04,-0.7082,0,0.706,52.98,4.80E-04,0.30554664,0,TRUE,0,0,0,0.021529429
1565839201093,431.487,0.136,1308.191,7.00E-04,-0.7082,0,0.706,52.99,4.80E-04,0.30554664,0,TRUE,0,0,0,0.021876806
1565839201225,432.076,0.136,1308.192,7.00E-04,-0.7081,0,0.7061,52.99,4.80E-04,0.309514,0,TRUE,0,0,0,0
1565839201361,432.665,0.136,1308.194,7.00E-04,-0.7081,0,0.7061,53,4.80E-04,0.32539862,0,TRUE,0,0,0,0.020421298
1565839201491,433.254,0.136,1308.195,7.00E-04,-0.7081,1.00E-04,0.7062,53.02,4.80E-04,0.32936597,0,TRUE,0,0,0,0.04273596
1565839201615,433.843,0.136,1308.196,7.00E-04,-0.708,1.00E-04,0.7062,53.04,4.80E-04,0.32936597,0,TRUE,0,0,0,0.044803817
1565839201748,434.433,0.136,1308.198,7.00E-04,-0.708,1.00E-04,0.7062,53.06,4.80E-04,0.31744868,0,TRUE,0,0,0,0.041771825
1565839201880,435.023,0.136,1308.199,7.00E-04,-0.7079,1.00E-04,0.7063,53.07,4.80E-04,0.31744868,0,TRUE,0,0,0,0.021040212
1565839202011,435.612,0.136,1308.201,7.00E-04,-0.7079,1.00E-04,0.7063,53.09,4.80E-04,0.309514,0,TRUE,0,0,0,0.042409528
1565839202140,436.202,0.136,1308.202,7.00E-04,-0.7079,1.00E-04,0.7063,53.1,4.80E-04,0.30554664,0,TRUE,0,0,0,0.021529518
1565839202269,436.793,0.136,1308.203,7.00E-04,-0.7078,0,0.7064,53.1,4.80E-04,0.30554664,0,TRUE,0,0,0,0
1565839202443,437.383,0.136,1308.204,7.00E-04,-0.7078,0,0.7064,53.11,2.60E-04,0.31348133,0,TRUE,0,0,0,0.015967628
1565839202573,437.973,0.136,1308.205,7.00E-04,-0.7078,1.00E-04,0.7065,53.12,2.50E-04,0.309514,0,TRUE,0,0,0,0.021363907
1565839202697,438.563,0.136,1308.206,7.00E-04,-0.7077,1.00E-04,0.7065,53.13,2.50E-04,0.309514,0,TRUE,0,0,0,0.022406183
1565839202824,439.154,0.136,1308.207,7.00E-04,-0.7077,1.00E-04,0.7065,53.14,2.50E-04,0.309514,0,TRUE,0,0,0,0.021868566
1565839202961,439.744,0.136,1308.208,7.00E-04,-0.7077,1.00E-04,0.7065,53.15,2.50E-04,0.309514,0,TRUE,0,0,0,0.020280054
1565839203088,440.335,0.136,1308.209,7.00E-04,-0.7077,1.00E-04,0.7065,53.16,2.50E-04,0.309514,0,TRUE,0,0,0,0.021868566
1565839203219,440.926,0.136,1308.21,7.00E-04,-0.7077,1.00E-04,0.7066,53.17,2.50E-04,0.31348133,0,TRUE,0,0,0,0.021200825
1565839203346,441.517,0.136,1308.211,7.00E-04,-0.7076,1.00E-04,0.7066,53.18,2.50E-04,0.31348133,0,TRUE,0,0,0,0.021876901
1565839203477,442.108,0.136,1308.212,7.00E-04,-0.7076,1.00E-04,0.7066,53.19,2.50E-04,0.31744868,0,TRUE,0,0,0,0.021200825
1565839203607,442.699,0.136,1308.213,7.00E-04,-0.7076,1.00E-04,0.7066,53.2,2.50E-04,0.31744868,0,TRUE,0,0,0,0.02137206
1565839203738,443.29,0.136,1308.214,7.00E-04,-0.7076,1.00E-04,0.7066,53.22,2.50E-04,0.32936597,0,TRUE,0,0,0,0.042409737
1565839203871,443.881,0.136,1308.214,7.00E-04,-0.7076,1.00E-04,0.7066,53.23,2.50E-04,0.3333333,0,TRUE,0,0,0,0.020882046
1565839204001,444.473,0.136,1308.215,7.00E-04,-0.7075,1.00E-04,0.7067,53.26,2.50E-04,0.3333333,0,TRUE,0,0,0,0.06409988
1565839204128,445.065,0.136,1308.215,7.00E-04,-0.7075,1.00E-04,0.7067,53.28,2.50E-04,0.341268,0,TRUE,0,0,0,0.043745536
1565839204257,445.657,0.136,1308.216,7.00E-04,-0.7075,1.00E-04,0.7067,53.3,2.50E-04,0.3333333,0,TRUE,0,0,0,0.043067247
1565839204385,446.25,0.136,1308.216,7.00E-04,-0.7075,1.00E-04,0.7067,53.33,2.50E-04,0.3333333,0,TRUE,0,0,0,0.0651098
1565839204515,446.842,0.136,1308.217,7.00E-04,-0.7075,1.00E-04,0.7067,53.35,2.50E-04,0.3333333,0,TRUE,0,0,0,0.0427278
1565839204646,447.436,0.136,1308.217,7.00E-04,-0.7074,1.00E-04,0.7068,53.37,2.50E-04,0.33730066,0,TRUE,0,0,0,0.042409793
1565839204779,448.029,0.136,1308.218,7.00E-04,-0.7074,1.00E-04,0.7068,53.4,2.50E-04,0.3333333,0,TRUE,0,0,0,0.06266197
1565839204910,448.622,0.136,1308.218,7.00E-04,-0.7074,1.00E-04,0.7068,53.42,2.50E-04,0.3333333,0,TRUE,0,0,0,0.042401705
1565839205038,449.216,0.136,1308.219,7.00E-04,-0.7074,1.00E-04,0.7068,53.44,2.50E-04,0.3333333,0,TRUE,0,0,0,0.04340371
1565839205166,449.81,0.136,1308.219,7.00E-04,-0.7074,1.00E-04,0.7068,53.47,2.50E-04,0.3333333,0,TRUE,0,0,0,0.0651098
1565839205291,450.404,0.136,1308.22,7.00E-04,-0.7073,1.00E-04,0.7069,53.49,2.50E-04,0.3333333,0,TRUE,0,0,0,0.044445407
1565839205421,450.999,0.136,1308.22,7.00E-04,-0.7073,1.00E-04,0.7069,53.51,2.50E-04,0.3333333,0,TRUE,0,0,0,0.042727873
1565839205548,451.594,0.136,1308.221,7.00E-04,-0.7073,1.00E-04,0.7069,53.53,2.50E-04,0.3333333,0,TRUE,0,0,0,0.043745477
1565839205674,452.189,0.136,1308.221,7.00E-04,-0.7073,1.00E-04,0.7069,53.56,2.50E-04,0.3333333,0,TRUE,0,0,0,0.06614329
1565839205800,452.784,0.136,1308.221,7.00E-04,-0.7073,1.00E-04,0.7069,53.58,2.50E-04,0.3333333,0,TRUE,0,0,0,0.044092722
1565839205929,453.38,0.136,1308.221,7.00E-04,-0.7073,1.00E-04,0.707,53.6,2.50E-04,0.3333333,0,TRUE,0,0,0,0.043059096
1565839206056,453.975,0.136,1308.221,7.00E-04,-0.7072,1.00E-04,0.707,53.63,2.50E-04,0.3333333,0,TRUE,0,0,0,0.06562247
1565839206184,454.571,0.136,1308.221,7.00E-04,-0.7072,1.00E-04,0.707,53.65,2.50E-04,0.3333333,0,TRUE,0,0,0,0.04340377
1565839206315,455.168,0.136,1308.221,7.00E-04,-0.7072,1.00E-04,0.707,53.67,2.50E-04,0.3333333,0,TRUE,0,0,0,0.042401705
1565839206443,455.764,0.136,1308.221,7.00E-04,-0.7072,1.00E-04,0.707,53.69,2.50E-04,0.3333333,0,TRUE,0,0,0,0.04340377
1565839206569,456.361,0.136,1308.221,7.00E-04,-0.7072,1.00E-04,0.7071,53.72,2.50E-04,0.3333333,0,TRUE,0,0,0,0.06614329
1565839206695,456.958,0.136,1308.221,7.00E-04,-0.7071,1.00E-04,0.7071,53.74,2.50E-04,0.3333333,0,TRUE,0,0,0,0.044092722
1565839206829,457.555,0.136,1308.221,7.00E-04,-0.7071,1.00E-04,0.7071,53.76,2.50E-04,0.3333333,0,TRUE,0,0,0,0.041452415
1565839206960,458.153,0.136,1308.221,7.00E-04,-0.7071,1.00E-04,0.7071,53.79,2.50E-04,0.3333333,0,TRUE,0,0,0,0.063618734
1565839207088,458.751,0.136,1308.221,7.00E-04,-0.7071,1.00E-04,0.7071,53.81,2.50E-04,0.3333333,0,TRUE,0,0,0,0.04340377
1565839207217,459.349,0.136,1308.221,7.00E-04,-0.7071,1.00E-04,0.7072,53.83,2.50E-04,0.3333333,0,TRUE,0,0,0,0.04306731
1565839207346,459.947,0.136,1308.221,7.00E-04,-0.707,1.00E-04,0.7072,53.85,2.50E-04,0.3333333,0,TRUE,0,0,0,0.043059092
1565839207469,460.546,0.136,1308.221,7.00E-04,-0.707,1.00E-04,0.7072,53.88,2.50E-04,0.3333333,0,TRUE,0,0,0,0.06775653
1565839207602,461.145,0.136,1308.221,7.00E-04,-0.707,1.00E-04,0.7072,53.9,2.50E-04,0.3333333,0,TRUE,0,0,0,0.041772053
1565839207730,461.744,0.136,1308.221,7.00E-04,-0.707,1.00E-04,0.7072,53.92,2.50E-04,0.3333333,0,TRUE,0,0,0,0.043395497
1565839207860,462.343,0.136,1308.221,7.00E-04,-0.707,1.00E-04,0.7073,53.95,2.50E-04,0.33730066,0,TRUE,0,0,0,0.0641081
1565839207989,462.943,0.136,1308.22,7.00E-04,-0.7069,1.00E-04,0.7073,53.97,2.50E-04,0.3333333,0,TRUE,0,0,0,0.043067254
1565839208118,463.543,0.136,1308.22,7.00E-04,-0.7069,1.00E-04,0.7073,54,2.50E-04,0.3333333,0,TRUE,0,0,0,0.06459686
1565839208256,464.143,0.136,1308.219,7.00E-04,-0.7069,1.00E-04,0.7073,54.02,2.50E-04,0.33730066,0,TRUE,0,0,0,0.04025852
1565839208382,464.743,0.136,1308.219,7.00E-04,-0.7069,1.00E-04,0.7073,54.04,2.50E-04,0.33730066,0,TRUE,0,0,0,0.044092722
1565839208514,465.344,0.136,1308.218,7.00E-04,-0.7069,1.00E-04,0.7074,54.07,2.50E-04,0.32936597,0,TRUE,0,0,0,0.063128665
1565839208645,465.945,0.136,1308.218,7.00E-04,-0.7068,1.00E-04,0.7074,54.09,2.50E-04,0.3333333,0,TRUE,0,0,0,0.042409793
1565839208774,466.546,0.136,1308.217,7.00E-04,-0.7068,1.00E-04,0.7074,54.11,2.50E-04,0.3333333,0,TRUE,0,0,0,0.043067254
1565839208904,467.148,0.136,1308.217,7.00E-04,-0.7068,1.00E-04,0.7074,54.14,2.50E-04,0.3333333,0,TRUE,0,0,0,0.06409996
1565839209033,467.75,0.136,1308.216,7.00E-04,-0.7068,1.00E-04,0.7074,54.16,2.50E-04,0.32539862,0,TRUE,0,0,0,0.04306724
1565839209168,468.352,0.136,1308.216,7.00E-04,-0.7068,1.00E-04,0.7075,54.18,2.50E-04,0.309514,0,TRUE,0,0,0,0.041153204
1565839209305,468.954,0.136,1308.215,7.00E-04,-0.7067,1.00E-04,0.7075,54.19,2.50E-04,0.3015793,0,TRUE,0,0,0,0.020272322
1565839209430,469.556,0.136,1308.215,7.00E-04,-0.7067,1.00E-04,0.7075,54.2,2.50E-04,0.3015793,0,TRUE,0,0,0,0.02222697
1565839209568,470.158,0.136,1308.214,7.00E-04,-0.7067,1.00E-04,0.7075,54.2,2.50E-04,0.28967726,0,TRUE,0,0,0,0
1565839209703,470.76,0.136,1308.213,7.00E-04,-0.7067,0,0.7075,54.2,2.50E-04,0.28174257,0,TRUE,0,0,0,0
1565839209834,471.363,0.136,1308.212,7.00E-04,-0.7067,0,0.7076,54.2,2.50E-04,0.27380788,0,TRUE,0,0,0,0
1565839209970,471.965,0.136,1308.211,7.00E-04,-0.7066,0,0.7076,54.19,2.50E-04,0.2658732,0,TRUE,0,0,0,-0.020429173
1565839210103,472.567,0.136,1308.21,7.00E-04,-0.7066,0,0.7076,54.18,2.50E-04,0.25397116,0,TRUE,0,0,0,-0.020882009
1565839210248,473.169,0.136,1308.209,7.00E-04,-0.7066,0,0.7076,54.16,2.50E-04,0.22618449,0,TRUE,0,0,0,-0.038315006
1565839210411,473.771,0.136,1308.208,7.00E-04,-0.7066,0,0.7076,54.12,2.50E-04,0.14285499,0,TRUE,0,0,0,-0.0681678
1565839210559,474.371,0.136,1308.207,6.00E-04,-0.7066,0,0.7077,54.04,2.50E-04,0.09523153,0,TRUE,0,0,0,-0.15014622
1565839210694,474.971,0.136,1308.206,6.00E-04,-0.7065,0,0.7077,53.94,2.50E-04,0.09126419,0,TRUE,0,0,0,-0.20576577
1565839210821,475.57,0.136,1308.205,6.00E-04,-0.7065,0,0.7077,53.84,2.50E-04,0.09919888,0,TRUE,0,0,0,-0.21871898
1565839210946,476.167,0.136,1308.204,6.00E-04,-0.7065,0,0.7077,53.74,2.50E-04,0.09919888,0,TRUE,0,0,0,-0.22221856
1565839211110,476.764,0.136,1308.203,6.00E-04,-0.7065,0,0.7078,53.64,-6.00E-05,0.09919888,0,TRUE,0,0,0,-0.16938035
1565839211294,477.359,0.136,1308.202,6.00E-04,-0.7065,0,0.7078,53.53,-8.70E-04,0.09919888,0,TRUE,0,0,0,-0.16606349
1565839211425,477.953,0.136,1308.201,6.00E-04,-0.7065,0,0.7077,53.43,-8.70E-04,0.10713357,0,TRUE,0,0,0,-0.21204059
1565839211556,478.546,0.136,1308.201,6.00E-04,-0.7065,0,0.7077,53.33,-8.70E-04,0.11905086,0,TRUE,0,0,0,-0.21204087
1565839211686,479.138,0.136,1308.2,6.00E-04,-0.7066,0,0.7076,53.23,-8.70E-04,0.11905086,0,TRUE,0,0,0,-0.21367975
1565839211863,479.729,0.136,1308.199,6.00E-04,-0.7067,0,0.7075,53.13,-4.60E-04,0.11905086,0,TRUE,0,0,0,-0.15693401
1565839212054,480.319,0.136,1308.199,6.00E-04,-0.7067,0,0.7075,53.03,1.00E-05,0.12698564,0,TRUE,0,0,0,-0.14543673
1565839212236,480.907,0.136,1308.198,6.00E-04,-0.7067,0,0.7075,52.93,-0.00179,0.12698561,0,TRUE,0,0,0,-0.15262264
1565839212412,481.495,0.136,1308.198,6.00E-04,-0.7068,0,0.7074,52.83,-0.00169,0.15475702,0,TRUE,0,0,0,-0.15782589
1565839212588,482.081,0.136,1308.198,6.00E-04,-0.7069,1.00E-04,0.7073,52.73,-4.30E-04,0.15475702,0,TRUE,0,0,0,-0.1578319
1565839212772,482.666,0.136,1308.198,6.00E-04,-0.707,0,0.7072,52.63,-0.00104,0.16665906,0,TRUE,0,0,0,-0.15096389
1565839212952,483.251,0.136,1308.198,6.00E-04,-0.7071,0,0.7071,52.53,-0.00147,0.17459375,0,TRUE,0,0,0,-0.15432455
1565839213141,483.834,0.136,1308.198,6.00E-04,-0.7072,0,0.707,52.43,-2.40E-04,0.1706264,0,TRUE,0,0,0,-0.14697014
1565839213305,484.415,0.136,1308.199,6.00E-04,-0.7072,0,0.707,52.33,-4.50E-04,0.17856109,0,TRUE,0,0,0,-0.16937388
1565839213468,484.996,0.136,1308.199,6.00E-04,-0.7073,0,0.707,52.22,-7.20E-04,0.1825437,0,TRUE,0,0,0,-0.18745844
1565839213603,485.576,0.136,1308.2,6.00E-04,-0.7073,0,0.7069,52.12,-6.50E-04,0.1825437,0,TRUE,0,0,0,-0.20576574
1565839213787,486.154,0.136,1308.2,6.00E-04,-0.7074,0,0.7069,52.02,-6.00E-05,0.1825437,0,TRUE,0,0,0,-0.15096389
1565839213927,486.732,0.136,1308.201,6.00E-04,-0.7074,0,0.7068,51.92,4.00E-05,0.1825437,0,TRUE,0,0,0,-0.1984169
1565839214051,487.308,0.136,1308.201,6.00E-04,-0.7074,0,0.7068,51.82,4.00E-05,0.1825437,0,TRUE,0,0,0,-0.22401094
1565839214181,487.883,0.136,1308.202,6.00E-04,-0.7074,0,0.7068,51.72,4.00E-05,0.18651104,0,TRUE,0,0,0,-0.21367164
1565839214315,488.457,0.136,1308.202,6.00E-04,-0.7074,0,0.7068,51.62,4.00E-05,0.18651104,0,TRUE,0,0,0,-0.2073016
1565839214442,489.03,0.136,1308.203,6.00E-04,-0.7074,0,0.7069,51.52,4.00E-05,0.1825437,0,TRUE,0,0,0,-0.218719
1565839214575,489.602,0.136,1308.203,6.00E-04,-0.7074,0,0.7069,51.42,4.00E-05,0.17856109,0,TRUE,0,0,0,-0.20886028
1565839214722,490.172,0.136,1308.204,6.00E-04,-0.7074,0,0.7069,51.32,1.70E-04,0.17856109,0,TRUE,0,0,0,-0.18896131
1565839214907,490.742,0.136,1308.204,6.00E-04,-0.7073,0,0.7069,51.22,0.0011,0.17856109,0,TRUE,0,0,0,-0.15014787
1565839215040,491.31,0.136,1308.205,6.00E-04,-0.7073,0,0.7069,51.12,0.00109,0.18651104,0,TRUE,0,0,0,-0.20885997
1565839215217,491.878,0.136,1308.205,6.00E-04,-0.7072,0,0.707,51.01,7.00E-04,0.18651104,0,TRUE,0,0,0,-0.17263122
1565839215387,492.444,0.136,1308.205,6.00E-04,-0.7071,0,0.7071,50.91,4.00E-04,0.1825437,0,TRUE,0,0,0,-0.16339621
1565839215522,493.009,0.136,1308.205,6.00E-04,-0.7071,0,0.7071,50.81,4.00E-04,0.19047838,0,TRUE,0,0,0,-0.20575817
1565839215653,493.573,0.136,1308.205,6.00E-04,-0.7071,0,0.7072,50.71,4.00E-04,0.20634776,0,TRUE,0,0,0,-0.21204896
1565839215787,494.136,0.136,1308.205,6.00E-04,-0.707,0,0.7072,50.65,4.00E-04,0.23015183,0,TRUE,0,0,0,-0.12437305
1565839215950,494.699,0.136,1308.204,6.00E-04,-0.707,0,0.7072,50.61,4.00E-04,0.3015793,0,TRUE,0,0,0,-0.06816778
1565839216089,495.261,0.136,1308.204,7.00E-04,-0.707,0,0.7073,50.6,4.00E-04,0.3333333,0,TRUE,0,0,0,-0.019988284
1565839216216,495.823,0.136,1308.203,7.00E-04,-0.7069,0,0.7073,50.62,4.00E-04,0.33730066,0,TRUE,0,0,0,0.043745473
1565839216342,496.386,0.136,1308.203,7.00E-04,-0.7069,1.00E-04,0.7073,50.64,4.00E-04,0.33730066,0,TRUE,0,0,0,0.04409272
1565839216477,496.949,0.136,1308.202,7.00E-04,-0.7069,1.00E-04,0.7073,50.66,4.00E-04,0.341268,0,TRUE,0,0,0,0.041153144
1565839216604,497.512,0.136,1308.202,7.00E-04,-0.7068,1.00E-04,0.7074,50.68,4.00E-04,0.341268,0,TRUE,0,0,0,0.043745536
1565839216740,498.075,0.136,1308.201,7.00E-04,-0.7068,1.00E-04,0.7074,50.71,4.00E-04,0.31348133,0,TRUE,0,0,0,0.061271925
1565839216867,498.639,0.136,1308.201,7.00E-04,-0.7068,1.00E-04,0.7074,50.72,4.00E-04,0.31744868,0,TRUE,0,0,0,0.02187694
1565839217010,499.202,0.136,1308.201,7.00E-04,-0.7068,1.00E-04,0.7075,50.73,4.00E-04,0.32936597,0,TRUE,0,0,0,0.019421762
1565839217139,499.766,0.136,1308.2,7.00E-04,-0.7067,1.00E-04,0.7075,50.74,4.00E-04,0.32539862,0,TRUE,0,0,0,0.021537721
1565839217263,500.33,0.136,1308.199,7.00E-04,-0.7067,1.00E-04,0.7075,50.76,4.00E-04,0.32539862,0,TRUE,0,0,0,0.044795282
1565839217390,500.894,0.136,1308.198,7.00E-04,-0.7067,1.00E-04,0.7076,50.78,4.00E-04,0.31744868,0,TRUE,0,0,0,0.043745473
1565839217513,501.459,0.136,1308.197,7.00E-04,-0.7066,1.00E-04,0.7076,50.79,4.00E-04,0.31744868,0,TRUE,0,0,0,0.022588352
1565839217646,502.023,0.136,1308.196,7.00E-04,-0.7066,1.00E-04,0.7076,50.8,4.00E-04,0.32539862,0,TRUE,0,0,0,0.020882012
1565839217772,502.588,0.136,1308.195,7.00E-04,-0.7066,1.00E-04,0.7076,50.81,4.00E-04,0.32539862,0,TRUE,0,0,0,0.022050526
1565839217899,503.152,0.136,1308.195,7.00E-04,-0.7065,1.00E-04,0.7077,50.83,4.00E-04,0.32936597,0,TRUE,0,0,0,0.043745536
1565839218025,503.717,0.136,1308.194,7.00E-04,-0.7065,1.00E-04,0.7077,50.84,4.00E-04,0.32539862,0,TRUE,0,0,0,0.022042124
1565839218160,504.282,0.136,1308.193,7.00E-04,-0.7065,1.00E-04,0.7077,50.86,4.00E-04,0.3333333,0,TRUE,0,0,0,0.041153144
1565839218294,504.848,0.136,1308.192,7.00E-04,-0.7065,1.00E-04,0.7078,50.88,4.00E-04,0.341268,0,TRUE,0,0,0,0.041460257
1565839218437,505.413,0.136,1308.191,7.00E-04,-0.7064,1.00E-04,0.7078,50.9,4.00E-04,0.37300676,0,TRUE,0,0,0,0.038850874
1565839218580,505.979,0.136,1308.19,7.00E-04,-0.7064,1.00E-04,0.7078,50.94,4.00E-04,0.40476084,0,TRUE,0,0,0,0.0776943
1565839218722,506.546,0.136,1308.188,7.00E-04,-0.7064,1.00E-04,0.7078,50.99,4.00E-04,0.43253225,0,TRUE,0,0,0,0.09781448
1565839218857,507.113,0.136,1308.187,7.00E-04,-0.7063,1.00E-04,0.7079,51.06,4.00E-04,0.45633632,0,TRUE,0,0,0,0.14403209
1565839218989,507.681,0.136,1308.185,7.00E-04,-0.7063,1.00E-04,0.7079,51.15,4.00E-04,0.46030366,0,TRUE,0,0,0,0.18939315
1565839219120,508.25,0.136,1308.184,7.00E-04,-0.7063,1.00E-04,0.7079,51.23,4.00E-04,0.46030366,0,TRUE,0,0,0,0.16963075
1565839219251,508.82,0.136,1308.182,7.00E-04,-0.7063,1.00E-04,0.708,51.32,4.00E-04,0.45633632,0,TRUE,0,0,0,0.19083892
1565839219375,509.391,0.136,1308.181,7.00E-04,-0.7062,1.00E-04,0.708,51.41,4.00E-04,0.45633632,0,TRUE,0,0,0,0.20161295
1565839219503,509.962,0.136,1308.179,7.00E-04,-0.7062,1.00E-04,0.708,51.5,4.00E-04,0.45633632,0,TRUE,0,0,0,0.19531153
1565839219635,510.535,0.136,1308.178,7.00E-04,-0.7062,1.00E-04,0.708,51.58,4.00E-04,0.45633632,0,TRUE,0,0,0,0.16835378
1565839219767,511.109,0.136,1308.176,7.00E-04,-0.7061,1.00E-04,0.7081,51.67,4.00E-04,0.45236897,0,TRUE,0,0,0,0.18938513
1565839219897,511.684,0.136,1308.175,7.00E-04,-0.7061,1.00E-04,0.7081,51.76,4.00E-04,0.45633632,0,TRUE,0,0,0,0.19230774
1565839220027,512.26,0.136,1308.173,7.00E-04,-0.7061,1.00E-04,0.7081,51.85,4.00E-04,0.4444343,0,TRUE,0,0,0,0.19230677
1565839220154,512.837,0.136,1308.171,7.00E-04,-0.7061,1.00E-04,0.7082,51.93,4.00E-04,0.4444343,0,TRUE,0,0,0,0.17498115
1565839220281,513.414,0.136,1308.169,7.00E-04,-0.706,1.00E-04,0.7082,52.01,4.00E-04,0.4444343,0,TRUE,0,0,0,0.17497267
1565839220409,513.993,0.136,1308.167,7.00E-04,-0.706,1.00E-04,0.7082,52.09,4.00E-04,0.45236897,0,TRUE,0,0,0,0.1736141
1565839220542,514.572,0.136,1308.165,7.00E-04,-0.706,1.00E-04,0.7082,52.18,4.00E-04,0.45633632,0,TRUE,0,0,0,0.1879692
1565839220676,515.153,0.136,1308.163,7.00E-04,-0.7059,1.00E-04,0.7083,52.27,4.00E-04,0.45236897,0,TRUE,0,0,0,0.18656631
1565839220807,515.734,0.136,1308.161,7.00E-04,-0.7059,1.00E-04,0.7083,52.36,4.00E-04,0.46030366,0,TRUE,0,0,0,0.19083896
1565839220934,516.316,0.136,1308.159,7.00E-04,-0.7059,1.00E-04,0.7083,52.45,4.00E-04,0.46030366,0,TRUE,0,0,0,0.19684963
1565839221075,516.9,0.136,1308.157,7.00E-04,-0.7059,1.00E-04,0.7084,52.54,3.40E-04,0.46030366,0,TRUE,0,0,0,0.17730415
1565839221252,517.484,0.136,1308.155,7.00E-04,-0.7058,1.00E-04,0.7084,52.63,-3.00E-05,0.46030366,0,TRUE,0,0,0,0.1412424
1565839221388,518.07,0.136,1308.153,7.00E-04,-0.7058,1.00E-04,0.7084,52.72,-6.00E-05,0.45633632,0,TRUE,0,0,0,0.1838227
1565839221515,518.656,0.136,1308.151,7.00E-04,-0.7058,1.00E-04,0.7084,52.81,-6.00E-05,0.45633632,0,TRUE,0,0,0,0.19684963
1565839221644,519.244,0.136,1308.149,7.00E-04,-0.7058,1.00E-04,0.7084,52.9,-6.00E-05,0.45633632,0,TRUE,0,0,0,0.19379772
1565839221773,519.832,0.136,1308.148,7.00E-04,-0.7058,1.00E-04,0.7084,52.99,-6.00E-05,0.45633632,0,TRUE,0,0,0,0.19379844
1565839221903,520.422,0.136,1308.146,7.00E-04,-0.7058,1.00E-04,0.7084,53.08,-6.00E-05,0.45236897,0,TRUE,0,0,0,0.19230698
1565839222028,521.012,0.136,1308.144,7.00E-04,-0.7058,1.00E-04,0.7084,53.17,-6.00E-05,0.45236897,0,TRUE,0,0,0,0.19999076
1565839222152,521.604,0.136,1308.142,7.00E-04,-0.7059,1.00E-04,0.7084,53.26,-6.00E-05,0.45236897,0,TRUE,0,0,0,0.20161201
1565839222277,522.196,0.136,1308.14,7.00E-04,-0.7059,1.00E-04,0.7083,53.35,-6.00E-05,0.45236897,0,TRUE,0,0,0,0.19999926
1565839222410,522.789,0.136,1308.138,7.00E-04,-0.7059,1.00E-04,0.7083,53.44,-6.00E-05,0.45236897,0,TRUE,0,0,0,0.18796909
1565839222536,523.384,0.136,1308.136,7.00E-04,-0.7059,1.00E-04,0.7083,53.53,-6.00E-05,0.45236897,0,TRUE,0,0,0,0.19841194
1565839222663,523.979,0.136,1308.134,7.00E-04,-0.7059,1.00E-04,0.7083,53.62,-6.00E-05,0.45236897,0,TRUE,0,0,0,0.19684967
1565839222788,524.576,0.136,1308.132,7.00E-04,-0.7059,1.00E-04,0.7083,53.71,-6.00E-05,0.45236897,0,TRUE,0,0,0,0.19999914
1565839222918,525.173,0.136,1308.13,7.00E-04,-0.7059,1.00E-04,0.7083,53.8,-6.00E-05,0.45236897,0,TRUE,0,0,0,0.19230698
1565839223046,525.772,0.136,1308.128,7.00E-04,-0.7059,1.00E-04,0.7083,53.89,-6.00E-05,0.4444343,0,TRUE,0,0,0,0.19531181
1565839223169,526.371,0.136,1308.126,7.00E-04,-0.7059,1.00E-04,0.7083,53.98,-6.00E-05,0.4444343,0,TRUE,0,0,0,0.20325115
1565839223298,526.972,0.136,1308.124,7.00E-04,-0.7059,1.00E-04,0.7083,54.06,-6.00E-05,0.4444343,0,TRUE,0,0,0,0.17226835
1565839223428,527.573,0.136,1308.122,7.00E-04,-0.7059,1.00E-04,0.7083,54.15,-6.00E-05,0.4444343,0,TRUE,0,0,0,0.19230688
1565839223554,528.175,0.136,1308.12,7.00E-04,-0.7059,1.00E-04,0.7083,54.23,-6.00E-05,0.4444343,0,TRUE,0,0,0,0.17636155
1565839223685,528.778,0.136,1308.118,7.00E-04,-0.7059,1.00E-04,0.7083,54.32,-6.00E-05,0.4444343,0,TRUE,0,0,0,0.19083904
1565839223815,529.383,0.136,1308.116,7.00E-04,-0.706,1.00E-04,0.7083,54.41,-6.00E-05,0.4444343,0,TRUE,0,0,0,0.19230689
1565839223941,529.988,0.136,1308.114,7.00E-04,-0.706,1.00E-04,0.7082,54.49,-6.00E-05,0.4444343,0,TRUE,0,0,0,0.17636997
1565839224066,530.594,0.136,1308.112,7.00E-04,-0.706,1.00E-04,0.7082,54.58,-6.00E-05,0.45236897,0,TRUE,0,0,0,0.1999993
1565839224196,531.201,0.136,1308.11,7.00E-04,-0.706,1.00E-04,0.7082,54.67,-6.00E-05,0.4444343,0,TRUE,0,0,0,0.19229876
1565839224325,531.809,0.136,1308.108,7.00E-04,-0.706,1.00E-04,0.7082,54.76,-6.00E-05,0.4444343,0,TRUE,0,0,0,0.1937978
1565839224450,532.418,0.136,1308.107,7.00E-04,-0.706,1.00E-04,0.7082,54.84,-6.00E-05,0.4444343,0,TRUE,0,0,0,0.17778163
1565839224577,533.028,0.136,1308.105,7.00E-04,-0.706,1.00E-04,0.7082,54.93,-6.00E-05,0.4444343,0,TRUE,0,0,0,0.1968496
1565839224711,533.639,0.136,1308.103,7.00E-04,-0.706,1.00E-04,0.7082,55.02,-6.00E-05,0.4444343,0,TRUE,0,0,0,0.18656655
1565839224838,534.251,0.136,1308.101,7.00E-04,-0.706,1.00E-04,0.7082,55.1,-6.00E-05,0.4444343,0,TRUE,0,0,0,0.17497277
1565839224965,534.864,0.136,1308.099,7.00E-04,-0.706,1.00E-04,0.7082,55.19,-6.00E-05,0.4444343,0,TRUE,0,0,0,0.19684973
1565839225095,535.478,0.136,1308.097,7.00E-04,-0.706,1.00E-04,0.7082,55.28,-6.00E-05,0.4444343,0,TRUE,0,0,0,0.19230705
1565839225220,536.092,0.136,1308.095,7.00E-04,-0.706,1.00E-04,0.7082,55.37,-6.00E-05,0.4444343,0,TRUE,0,0,0,0.1999992
1565839225345,536.708,0.136,1308.093,7.00E-04,-0.706,1.00E-04,0.7082,55.45,-6.00E-05,0.4444343,0,TRUE,0,0,0,0.17778096
1565839225472,537.325,0.136,1308.091,7.00E-04,-0.7061,1.00E-04,0.7082,55.54,-6.00E-05,0.44046694,0,TRUE,0,0,0,0.19684961
1565839225617,537.943,0.136,1308.089,7.00E-04,-0.7061,1.00E-04,0.7081,55.63,-6.00E-05,0.42459756,0,TRUE,0,0,0,0.17241323
1565839225756,538.562,0.136,1308.087,7.00E-04,-0.7061,1.00E-04,0.7081,55.71,-6.00E-05,0.39682615,0,TRUE,0,0,0,0.15986735
1565839225889,539.181,0.136,1308.085,7.00E-04,-0.7061,1.00E-04,0.7081,55.77,-6.00E-05,0.37697417,0,TRUE,0,0,0,0.12531546
1565839226028,539.801,0.136,1308.083,7.00E-04,-0.7061,1.00E-04,0.7081,55.82,-6.00E-05,0.35317004,0,TRUE,0,0,0,0.09991806
1565839226159,540.422,0.136,1308.081,7.00E-04,-0.7061,1.00E-04,0.7081,55.86,-6.00E-05,0.33730066,0,TRUE,0,0,0,0.084819175
1565839226290,541.043,0.136,1308.079,7.00E-04,-0.7061,1.00E-04,0.7081,55.89,-6.00E-05,0.33730066,0,TRUE,0,0,0,0.06361029
1565839226432,541.664,0.136,1308.077,7.00E-04,-0.7061,1.00E-04,0.7081,55.92,-6.00E-05,0.31348133,0,TRUE,0,0,0,0.05868277
1565839226566,542.285,0.136,1308.075,7.00E-04,-0.7061,1.00E-04,0.7081,55.93,-6.00E-05,0.2936446,0,TRUE,0,0,0,0.020734
1565839226706,542.907,0.136,1308.073,7.00E-04,-0.7061,1.00E-04,0.7081,55.94,-6.00E-05,0.25397116,0,TRUE,0,0,0,0.019837843
1565839226855,543.529,0.136,1308.071,7.00E-04,-0.7061,1.00E-04,0.7081,55.92,-6.00E-05,0.20634776,0,TRUE,0,0,0,-0.03728628
1565839227004,544.15,0.136,1308.07,6.00E-04,-0.7061,0,0.7081,55.88,-6.00E-05,0.14682233,0,TRUE,0,0,0,-0.074565694
1565839227168,544.77,0.136,1308.068,6.00E-04,-0.7061,0,0.7081,55.79,-6.00E-05,0.071427464,0,TRUE,0,0,0,-0.15243854
1565839227314,545.389,0.136,1308.067,6.00E-04,-0.7061,0,0.7081,55.69,-6.00E-05,0,0,TRUE,0,0,0,-0.19026288
1565839227441,546.008,0.136,1308.065,6.00E-04,-0.7061,0,0.7081,55.59,-6.00E-05,0,0,TRUE,0,0,0,-0.21871811
1565839227563,546.625,0.136,1308.064,6.00E-04,-0.7061,0,0.7081,55.49,-6.00E-05,0,0,TRUE,0,0,0,-0.22768295
1565839227690,547.241,0.136,1308.062,6.00E-04,-0.7061,0,0.7081,55.39,-6.00E-05,0,0,TRUE,0,0,0,-0.21872658
1565839227812,547.855,0.136,1308.061,6.00E-04,-0.7061,0,0.7081,55.29,-6.00E-05,0,0,TRUE,0,0,0,-0.22768295
1565839227936,548.469,0.136,1308.059,6.00E-04,-0.7061,0,0.7081,55.19,-6.00E-05,0,0,TRUE,0,0,0,-0.22401817
1565839228060,549.082,0.136,1308.058,6.00E-04,-0.7061,0,0.7081,55.09,-6.00E-05,0,0,TRUE,0,0,0,-0.22401065
1565839228189,549.693,0.136,1308.056,6.00E-04,-0.7061,0,0.7081,54.99,-6.00E-05,0,0,TRUE,0,0,0,-0.21532722
1565839228310,550.303,0.136,1308.055,6.00E-04,-0.7062,0,0.7081,54.89,-6.00E-05,0,0,TRUE,0,0,0,-0.2295734
1565839228432,550.913,0.136,1308.054,6.00E-04,-0.7062,0,0.7081,54.79,-6.00E-05,0,0,TRUE,0,0,0,-0.22768286
1565839228554,551.521,0.136,1308.052,6.00E-04,-0.7062,0,0.7081,54.68,-6.00E-05,0,0,TRUE,0,0,0,-0.2504555
1565839228679,552.128,0.136,1308.051,6.00E-04,-0.7062,0,0.7081,54.58,-6.00E-05,0,0,TRUE,0,0,0,-0.22221856
1565839228806,552.733,0.136,1308.049,6.00E-04,-0.7062,0,0.7081,54.48,-6.00E-05,0,0,TRUE,0,0,0,-0.21872638
1565839228929,553.338,0.136,1308.048,6.00E-04,-0.7062,0,0.7081,54.38,-6.00E-05,0,0,TRUE,0,0,0,-0.22583187
1565839229053,553.942,0.136,1308.046,6.00E-04,-0.7062,0,0.708,54.28,-6.00E-05,0,0,TRUE,0,0,0,-0.2240183
1565839229177,554.544,0.136,1308.045,6.00E-04,-0.7062,0,0.708,54.18,-6.00E-05,0,0,TRUE,0,0,0,-0.22401065
1565839229306,555.146,0.136,1308.043,6.00E-04,-0.7062,0,0.708,54.08,-6.00E-05,0,0,TRUE,0,0,0,-0.21532704
1565839229432,555.746,0.136,1308.042,6.00E-04,-0.7062,0,0.708,53.98,-6.00E-05,0,0,TRUE,0,0,0,-0.22046332
1565839229555,556.345,0.136,1308.04,6.00E-04,-0.7062,0,0.708,53.88,-6.00E-05,0,0,TRUE,0,0,0,-0.22583097
1565839229682,556.943,0.136,1308.039,6.00E-04,-0.7062,0,0.708,53.78,-6.00E-05,0,0,TRUE,0,0,0,-0.2187273
1565839229802,557.54,0.136,1308.037,6.00E-04,-0.7062,0,0.708,53.68,-6.00E-05,0,0,TRUE,0,0,0,-0.23147672
1565839229933,558.136,0.136,1308.036,6.00E-04,-0.7062,0,0.708,53.58,-6.00E-05,0,0,TRUE,0,0,0,-0.21204059
1565839230061,558.73,0.136,1308.034,6.00E-04,-0.7062,0,0.708,53.47,-6.00E-05,0,0,TRUE,0,0,0,-0.2387153
1565839230185,559.324,0.136,1308.033,6.00E-04,-0.7062,0,0.708,53.37,-6.00E-05,0,0,TRUE,0,0,0,-0.22401908
1565839230308,559.916,0.136,1308.032,6.00E-04,-0.7062,0,0.708,53.27,-6.00E-05,0,0,TRUE,0,0,0,-0.22583184
1565839230435,560.507,0.136,1308.03,6.00E-04,-0.7062,0,0.708,53.17,-6.00E-05,0,0,TRUE,0,0,0,-0.21872649
1565839230561,561.098,0.136,1308.029,6.00E-04,-0.7062,0,0.708,53.07,-6.00E-05,0,0,TRUE,0,0,0,-0.22045492
1565839230685,561.687,0.136,1308.027,6.00E-04,-0.7062,0,0.708,52.97,-6.00E-05,0,0,TRUE,0,0,0,-0.22400954
1565839230810,562.275,0.136,1308.026,6.00E-04,-0.7062,0,0.708,52.87,-6.00E-05,0,0,TRUE,0,0,0,-0.22222704
1565839230935,562.861,0.136,1308.024,6.00E-04,-0.7062,0,0.708,52.77,-6.00E-05,0,0,TRUE,0,0,0,-0.2222176
1565839231057,563.447,0.136,1308.023,6.00E-04,-0.7062,0,0.708,52.67,-6.00E-05,0,0,TRUE,0,0,0,-0.22769152
1565839231181,564.032,0.136,1308.021,6.00E-04,-0.7062,0,0.708,52.57,-6.00E-05,0,0,TRUE,0,0,0,-0.22400968
1565839231318,564.615,0.136,1308.02,6.00E-04,-0.7062,0,0.708,52.47,-6.00E-05,0,0,TRUE,0,0,0,-0.20275412
1565839231453,565.197,0.136,1308.018,6.00E-04,-0.7062,0,0.708,52.37,-6.00E-05,0.055558056,0,TRUE,0,0,0,-0.20576474
1565839231580,565.778,0.136,1308.017,6.00E-04,-0.7062,0,0.708,52.27,-6.00E-05,0,0,TRUE,0,0,0,-0.21871902
1565839231721,566.359,0.136,1308.015,6.00E-04,-0.7062,0,0.708,52.16,-6.00E-05,0,0,TRUE,0,0,0,-0.21670605
1565839231849,566.938,0.136,1308.014,6.00E-04,-0.7062,0,0.708,52.06,-6.00E-05,0,0,TRUE,0,0,0,-0.21701027
1565839231974,567.515,0.136,1308.013,6.00E-04,-0.7062,0,0.708,51.96,-6.00E-05,0,0,TRUE,0,0,0,-0.22222692
1565839232096,568.092,0.136,1308.011,6.00E-04,-0.7062,0,0.708,51.86,-6.00E-05,0,0,TRUE,0,0,0,-0.22768193
1565839232261,568.668,0.136,1308.01,6.00E-04,-0.7062,0,0.708,51.76,-3.70E-04,0,0,TRUE,0,0,0,-0.16835378
1565839232439,569.242,0.136,1308.008,6.00E-04,-0.7062,0,0.708,51.66,-0.00241,0,0,TRUE,0,0,0,-0.15605165
1565839232621,569.816,0.136,1308.007,6.00E-04,-0.7063,1.00E-04,0.7079,51.56,-0.00391,0,0,TRUE,0,0,0,-0.15262257
1565839232755,570.388,0.136,1308.007,5.00E-04,-0.7066,1.00E-04,0.7077,51.46,-0.00399,0,0,TRUE,0,0,0,-0.2073016
1565839232875,570.959,0.136,1308.007,5.00E-04,-0.7068,1.00E-04,0.7074,51.36,-0.00399,0,0,TRUE,0,0,0,-0.23147796
1565839233001,571.529,0.136,1308.007,5.00E-04,-0.7071,1.00E-04,0.7071,51.26,-0.00399,0,0,TRUE,0,0,0,-0.2204636
1565839233124,572.098,0.136,1308.008,5.00E-04,-0.7074,1.00E-04,0.7068,51.16,-0.00399,0,0,TRUE,0,0,0,-0.22583175
1565839233271,572.665,0.136,1308.01,5.00E-04,-0.7077,1.00E-04,0.7065,51.06,-0.00417,0,0,TRUE,0,0,0,-0.18896048
1565839233452,573.232,0.136,1308.012,5.00E-04,-0.7081,1.00E-04,0.7062,50.95,-0.00709,0,0,TRUE,0,0,0,-0.16881517
1565839233630,573.798,0.136,1308.015,5.00E-04,-0.7085,1.00E-04,0.7057,50.85,-0.01197,0,0,TRUE,0,0,0,-0.15605624
1565839233807,574.362,0.136,1308.019,4.00E-04,-0.7092,2.00E-04,0.705,50.75,-0.01603,0,0,TRUE,0,0,0,-0.15693022
1565839233989,574.925,0.136,1308.026,3.00E-04,-0.7102,3.00E-04,0.704,50.65,-0.02154,0,0,TRUE,0,0,0,-0.15261118
1565839234167,575.487,0.136,1308.036,2.00E-04,-0.7115,4.00E-04,0.7026,50.55,-0.02589,0,0,TRUE,0,0,0,-0.15603375
1565839234316,576.048,0.136,1308.049,1.00E-04,-0.7133,5.00E-04,0.7009,50.44,-0.02614,0,0,TRUE,0,0,0,-0.20501745
1565839234443,576.608,0.136,1308.065,1.00E-04,-0.7152,5.00E-04,0.6989,50.34,-0.02614,0,0,TRUE,0,0,0,-0.21863021
1565839234568,577.166,0.136,1308.085,1.00E-04,-0.7171,5.00E-04,0.697,50.24,-0.02614,0,0,TRUE,0,0,0,-0.22207597
1565839234691,577.723,0.136,1308.107,2.00E-04,-0.719,5.00E-04,0.695,50.14,-0.02614,0,0,TRUE,0,0,0,-0.22566332
1565839234816,578.279,0.136,1308.133,2.00E-04,-0.7209,5.00E-04,0.693,50.04,-0.02615,0,0,TRUE,0,0,0,-0.22197622
1565839234999,578.834,0.136,1308.162,2.00E-04,-0.7228,5.00E-04,0.691,49.93,-0.02687,0,0,TRUE,0,0,0,-0.16674478
1565839235181,579.387,0.136,1308.193,2.00E-04,-0.7247,5.00E-04,0.689,49.83,-0.02844,0,0,TRUE,0,0,0,-0.15238352
1565839235355,579.939,0.136,1308.228,1.00E-04,-0.7267,5.00E-04,0.6869,49.73,-0.02854,0,0,TRUE,0,0,0,-0.15932551
1565839235542,580.489,0.136,1308.266,1.00E-04,-0.7288,5.00E-04,0.6848,49.63,-0.02256,0,0,TRUE,0,0,0,-0.14818938
1565839235723,581.039,0.136,1308.307,2.00E-04,-0.7306,4.00E-04,0.6828,49.53,-0.01432,0,0,TRUE,0,0,0,-0.1530469
1565839235907,581.587,0.136,1308.349,4.00E-04,-0.7319,3.00E-04,0.6814,49.43,-0.0098,0,0,TRUE,0,0,0,-0.15052257
1565839236066,582.134,0.136,1308.392,5.00E-04,-0.7328,1.00E-04,0.6804,49.33,-0.00949,0,0,TRUE,0,0,0,-0.1741638
1565839236222,582.679,0.136,1308.435,5.00E-04,-0.7335,1.00E-04,0.6796,49.23,-0.00949,0.09126419,0,TRUE,0,0,0,-0.17751285
1565839236403,583.224,0.136,1308.479,5.00E-04,-0.7342,2.00E-04,0.6789,49.13,-0.00949,0.2658732,0,TRUE,0,0,0,-0.15296955
1565839236570,583.768,0.136,1308.524,5.00E-04,-0.7349,2.00E-04,0.6782,49.09,-0.00949,0.36903942,0,TRUE,0,0,0,-0.066308215
1565839236705,584.311,0.136,1308.57,5.00E-04,-0.7355,2.00E-04,0.6775,49.11,-0.00949,0.3809415,0,TRUE,0,0,0,0.04100695
1565839236833,584.855,0.136,1308.617,5.00E-04,-0.7362,2.00E-04,0.6767,49.15,-0.00949,0.3888762,0,TRUE,0,0,0,0.08648541
1565839237019,585.4,0.136,1308.665,5.00E-04,-0.7369,3.00E-04,0.676,49.19,-0.00856,0.4007935,0,TRUE,0,0,0,0.059501622
1565839237198,585.944,0.136,1308.714,5.00E-04,-0.7375,2.00E-04,0.6753,49.24,-0.00768,0.41666287,0,TRUE,0,0,0,0.07728399
1565839237362,586.49,0.136,1308.764,5.00E-04,-0.7381,2.00E-04,0.6747,49.3,-0.00745,0.4285649,0,TRUE,0,0,0,0.10119767
1565839237548,587.036,0.136,1308.815,6.00E-04,-0.7386,2.00E-04,0.6741,49.37,-0.00601,0.4285649,0,TRUE,0,0,0,0.104088224
1565839237725,587.582,0.136,1308.867,6.00E-04,-0.7391,2.00E-04,0.6736,49.44,-0.00421,0.43253225,0,TRUE,0,0,0,0.10936019
1565839237903,588.129,0.136,1308.919,6.00E-04,-0.7395,2.00E-04,0.6732,49.5,-0.0037,0.44046694,0,TRUE,0,0,0,0.093214914
1565839238045,588.678,0.136,1308.972,6.00E-04,-0.7398,2.00E-04,0.6729,49.58,-0.00361,0.45236897,0,TRUE,0,0,0,0.15577105
1565839238221,589.227,0.136,1309.025,6.00E-04,-0.74,2.00E-04,0.6726,49.66,-0.00246,0.464271,0,TRUE,0,0,0,0.12567572
1565839238401,589.776,0.136,1309.079,6.00E-04,-0.7403,2.00E-04,0.6723,49.74,-6.50E-04,0.47222096,0,TRUE,0,0,0,0.122867696
1565839238578,590.327,0.136,1309.132,7.00E-04,-0.7404,1.00E-04,0.6722,49.83,-2.00E-05,0.48015565,0,TRUE,0,0,0,0.14059485
1565839238759,590.879,0.136,1309.186,7.00E-04,-0.7404,1.00E-04,0.6721,49.93,7.60E-04,0.49602503,0,TRUE,0,0,0,0.1527349
1565839238933,591.432,0.136,1309.24,7.00E-04,-0.7404,1.00E-04,0.6722,50.03,0.00177,0.50782025,0,TRUE,0,0,0,0.15888545
1565839239055,591.986,0.136,1309.293,7.00E-04,-0.7403,1.00E-04,0.6723,50.14,0.00177,0.50782025,0,TRUE,0,0,0,0.24931945
1565839239182,592.541,0.136,1309.346,7.00E-04,-0.7402,1.00E-04,0.6724,50.25,0.00177,0.51563287,0,TRUE,0,0,0,0.23950751
1565839239309,593.098,0.136,1309.399,7.00E-04,-0.7401,1.00E-04,0.6725,50.36,0.00177,0.51563287,0,TRUE,0,0,0,0.23951039
1565839239437,593.656,0.136,1309.453,7.00E-04,-0.74,1.00E-04,0.6727,50.48,0.00177,0.51563287,0,TRUE,0,0,0,0.25920537
1565839239563,594.215,0.136,1309.505,7.00E-04,-0.7398,1.00E-04,0.6728,50.6,0.00177,0.51563287,0,TRUE,0,0,0,0.26341066
1565839239695,594.775,0.136,1309.558,7.00E-04,-0.7397,1.00E-04,0.6729,50.71,0.00181,0.51563287,0,TRUE,0,0,0,0.23045379
1565839239875,595.337,0.136,1309.611,7.00E-04,-0.7396,1.00E-04,0.6731,50.83,0.00273,0.51563287,0,TRUE,0,0,0,0.18437192
1565839240056,595.9,0.136,1309.664,7.00E-04,-0.7394,1.00E-04,0.6732,50.95,0.00442,0.51563287,0,TRUE,0,0,0,0.1833506
1565839240235,596.465,0.136,1309.716,8.00E-04,-0.7392,1.00E-04,0.6735,51.07,0.00628,0.51563287,0,TRUE,0,0,0,0.18543431
1565839240418,597.031,0.136,1309.767,8.00E-04,-0.7388,0,0.6739,51.19,0.00833,0.51563287,0,TRUE,0,0,0,0.181412
1565839240597,597.598,0.136,1309.817,9.00E-04,-0.7383,0,0.6745,51.3,0.00939,0.51172656,0,TRUE,0,0,0,0.17004126
1565839240775,598.167,0.136,1309.867,9.00E-04,-0.7377,0,0.6752,51.42,0.01028,0.51172656,0,TRUE,0,0,0,0.18654743
1565839240952,598.737,0.136,1309.914,9.00E-04,-0.7369,-1.00E-04,0.676,51.54,0.01132,0.5195392,0,TRUE,0,0,0,0.18769136
1565839241110,599.309,0.136,1309.961,9.00E-04,-0.7362,-1.00E-04,0.6768,51.66,0.01155,0.51563287,0,TRUE,0,0,0,0.21025646
1565839241232,599.882,0.136,1310.006,9.00E-04,-0.7353,-1.00E-04,0.6777,51.78,0.01155,0.51563287,0,TRUE,0,0,0,0.2723858
1565839241363,600.457,0.136,1310.05,9.00E-04,-0.7345,-1.00E-04,0.6786,51.9,0.01155,0.51563287,0,TRUE,0,0,0,0.25371465
1565839241487,601.033,0.136,1310.093,9.00E-04,-0.7336,-1.00E-04,0.6796,52.02,0.01155,0.51563287,0,TRUE,0,0,0,0.2680701
1565839241632,601.61,0.136,1310.134,9.00E-04,-0.7327,-1.00E-04,0.6805,52.14,0.01142,0.5195392,0,TRUE,0,0,0,0.22930434
1565839241815,602.189,0.136,1310.174,9.00E-04,-0.7319,-1.00E-04,0.6814,52.26,0.01048,0.51563287,0,TRUE,0,0,0,0.18171649
1565839241997,602.769,0.136,1310.212,9.00E-04,-0.7311,-1.00E-04,0.6823,52.39,0.00849,0.51563287,0,TRUE,0,0,0,0.19798787
1565839242175,603.351,0.136,1310.25,9.00E-04,-0.7303,0,0.6831,52.51,0.00486,0.51563287,0,TRUE,0,0,0,0.18686716
1565839242354,603.934,0.136,1310.287,8.00E-04,-0.7298,0,0.6836,52.63,0.00119,0.51563287,0,TRUE,0,0,0,0.18585038
1565839242529,604.519,0.136,1310.324,7.00E-04,-0.7296,1.00E-04,0.6839,52.75,-9.60E-04,0.51563287,0,TRUE,0,0,0,0.19009486
1565839242661,605.105,0.136,1310.362,7.00E-04,-0.7295,2.00E-04,0.6839,52.88,-0.00103,0.51563287,0,TRUE,0,0,0,0.27299526
1565839242838,605.692,0.136,1310.4,7.00E-04,-0.7296,2.00E-04,0.6839,53,-0.0017,0.51563287,0,TRUE,0,0,0,0.18792969
1565839243015,606.28,0.136,1310.439,7.00E-04,-0.7297,2.00E-04,0.6838,53.13,-0.00232,0.51563287,0,TRUE,0,0,0,0.20357335
1565839243194,606.87,0.136,1310.477,7.00E-04,-0.7299,2.00E-04,0.6836,53.25,9.60E-04,0.51563287,0,TRUE,0,0,0,0.18583126
1565839243370,607.462,0.136,1310.516,7.00E-04,-0.7299,1.00E-04,0.6835,53.37,0.0049,0.51563287,0,TRUE,0,0,0,0.18898383
1565839243556,608.054,0.136,1310.555,8.00E-04,-0.7297,0,0.6837,53.5,0.0073,0.51563287,0,TRUE,0,0,0,0.19372612
1565839243734,608.649,0.136,1310.592,9.00E-04,-0.7293,0,0.6842,53.62,0.0097,0.51563287,0,TRUE,0,0,0,0.18690343
1565839243913,609.244,0.136,1310.628,9.00E-04,-0.7286,-1.00E-04,0.6849,53.75,0.01235,0.50782025,0,TRUE,0,0,0,0.20137127
1565839244087,609.841,0.136,1310.662,0.001,-0.7278,-1.00E-04,0.6858,53.87,0.01407,0.45633632,0,TRUE,0,0,0,0.19126041
1565839244259,610.44,0.136,1310.694,0.001,-0.7268,-2.00E-04,0.6868,53.97,0.01576,0.31744868,0,TRUE,0,0,0,0.1612727
1565839244442,611.039,0.136,1310.723,0.001,-0.7256,-2.00E-04,0.6881,54,0.01849,0.12698561,0,TRUE,0,0,0,0.04548203
1565839244616,611.638,0.136,1310.751,0.001,-0.7243,-3.00E-04,0.6895,53.93,0.02028,0,0,TRUE,0,0,0,-0.11162771
1565839244786,612.236,0.136,1310.775,0.001,-0.7228,-4.00E-04,0.691,53.82,0.02068,0,0,TRUE,0,0,0,-0.17959441
1565839244959,612.833,0.136,1310.796,0.001,-0.7212,-4.00E-04,0.6927,53.72,0.02018,0,0,TRUE,0,0,0,-0.16046354
1565839245132,613.429,0.136,1310.815,0.001,-0.7196,-4.00E-04,0.6944,53.62,0.0182,0.24205387,0,TRUE,0,0,0,-0.16048802
1565839245314,614.024,0.136,1310.831,0.001,-0.7181,-3.00E-04,0.6959,53.58,0.01637,0.464271,0,TRUE,0,0,0,-0.061023258
1565839245491,614.62,0.136,1310.844,0.001,-0.7167,-2.00E-04,0.6973,53.64,0.01524,0.464271,0,TRUE,0,0,0,0.09413595
1565839245673,615.216,0.136,1310.856,0.001,-0.7155,-2.00E-04,0.6986,53.74,0.01322,0.48015565,0,TRUE,0,0,0,0.1525979
1565839245846,615.814,0.136,1310.867,0.001,-0.7143,-1.00E-04,0.6998,53.84,0.01071,0.48809034,0,TRUE,0,0,0,0.16053566
1565839246028,616.413,0.136,1310.876,9.00E-04,-0.7134,-1.00E-04,0.7008,53.95,0.00871,0.48809034,0,TRUE,0,0,0,0.16786952
1565839246207,617.013,0.136,1310.884,9.00E-04,-0.7126,0,0.7016,54.06,0.00592,0.4761883,0,TRUE,0,0,0,0.17068699
1565839246388,617.615,0.136,1310.891,8.00E-04,-0.712,0,0.7022,54.17,0.00233,0.3809415,0,TRUE,0,0,0,0.16879906
1565839246563,618.217,0.136,1310.898,7.00E-04,-0.7116,1.00E-04,0.7026,54.23,-7.70E-04,0.2658732,0,TRUE,0,0,0,0.09523393
1565839246745,618.82,0.136,1310.906,6.00E-04,-0.7115,1.00E-04,0.7027,54.23,-0.00259,0.12698558,0,TRUE,0,0,0,0
1565839246928,619.422,0.136,1310.914,6.00E-04,-0.7116,1.00E-04,0.7025,54.15,-0.0028,0,0,TRUE,0,0,0,-0.12141935
1565839247109,620.023,0.136,1310.922,5.00E-04,-0.7118,1.00E-04,0.7023,54.05,-0.00484,0,0,TRUE,0,0,0,-0.1534581
1565839247289,620.623,0.136,1310.931,5.00E-04,-0.7121,1.00E-04,0.702,53.95,-0.00782,0,0,TRUE,0,0,0,-0.15430114
1565839247464,621.221,0.136,1310.941,5.00E-04,-0.7126,2.00E-04,0.7016,53.85,-0.00874,0,0,TRUE,0,0,0,-0.15871157
1565839247586,621.819,0.136,1310.953,4.00E-04,-0.7133,2.00E-04,0.7009,53.75,-0.00874,0,0,TRUE,0,0,0,-0.2276377
1565839247716,622.415,0.136,1310.966,4.00E-04,-0.7139,2.00E-04,0.7002,53.65,-0.0087,0,0,TRUE,0,0,0,-0.21362162
1565839247889,623.011,0.136,1310.98,4.00E-04,-0.7146,2.00E-04,0.6995,53.54,-0.00782,0,0,TRUE,0,0,0,-0.17657372
1565839248060,623.605,0.136,1310.995,5.00E-04,-0.7153,2.00E-04,0.6988,53.44,-0.00697,0,0,TRUE,0,0,0,-0.162395
1565839248185,624.198,0.136,1311.01,5.00E-04,-0.7159,2.00E-04,0.6982,53.34,-0.00697,0,0,TRUE,0,0,0,-0.22214764
1565839248304,624.789,0.136,1311.027,5.00E-04,-0.7164,1.00E-04,0.6977,53.24,-0.00697,0,0,TRUE,0,0,0,-0.23332702
1565839248423,625.38,0.136,1311.045,5.00E-04,-0.7169,1.00E-04,0.6971,53.14,-0.00697,0,0,TRUE,0,0,0,-0.23332307
1565839248541,625.97,0.136,1311.063,5.00E-04,-0.7175,2.00E-04,0.6966,53.04,-0.00697,0,0,TRUE,0,0,0,-0.23529251
1565839248659,626.558,0.136,1311.082,5.00E-04,-0.718,2.00E-04,0.696,52.94,-0.00697,0,0,TRUE,0,0,0,-0.23528694
1565839248776,627.145,0.136,1311.102,5.00E-04,-0.7186,2.00E-04,0.6955,52.84,-0.00697,0,0,TRUE,0,0,0,-0.23727536
1565839248932,627.731,0.136,1311.123,5.00E-04,-0.7191,2.00E-04,0.6949,52.74,-0.00675,0,0,TRUE,0,0,0,-0.17794576
1565839249103,628.316,0.136,1311.145,5.00E-04,-0.7196,1.00E-04,0.6944,52.64,-0.00485,0,0,TRUE,0,0,0,-0.1623324
1565839249282,628.9,0.136,1311.168,5.00E-04,-0.7201,1.00E-04,0.6939,52.54,-0.00297,0,0,TRUE,0,0,0,-0.15506108
1565839249452,629.483,0.136,1311.19,6.00E-04,-0.7204,1.00E-04,0.6936,52.44,-0.00227,0,0,TRUE,0,0,0,-0.16328649
1565839249571,630.064,0.136,1311.213,6.00E-04,-0.7206,1.00E-04,0.6934,52.33,-0.00227,0,0,TRUE,0,0,0,-0.25655976
1565839249690,630.645,0.136,1311.236,6.00E-04,-0.7208,1.00E-04,0.6932,52.23,-0.00227,0,0,TRUE,0,0,0,-0.23325017
1565839249813,631.224,0.136,1311.259,6.00E-04,-0.7209,1.00E-04,0.693,52.13,-0.00227,0,0,TRUE,0,0,0,-0.22565308
1565839249943,631.802,0.136,1311.283,6.00E-04,-0.7211,1.00E-04,0.6928,52.03,-0.00227,0,0,TRUE,0,0,0,-0.2134973
1565839250105,632.379,0.136,1311.306,6.00E-04,-0.7213,1.00E-04,0.6926,51.93,-0.00227,0.14285499,0,TRUE,0,0,0,-0.17132826
1565839250269,632.955,0.136,1311.33,6.00E-04,-0.7214,1.00E-04,0.6925,51.83,-0.00227,0.23808652,0,TRUE,0,0,0,-0.1692282
1565839250439,633.53,0.136,1311.354,6.00E-04,-0.7216,1.00E-04,0.6923,51.78,-0.00227,0.36903942,0,TRUE,0,0,0,-0.08163298
1565839250595,634.105,0.136,1311.379,6.00E-04,-0.7218,1.00E-04,0.6921,51.8,-0.00227,0.4682536,0,TRUE,0,0,0,0.035579666
1565839250746,634.681,0.136,1311.404,6.00E-04,-0.722,1.00E-04,0.6919,51.89,-0.00227,0.5351644,0,TRUE,0,0,0,0.16540721
1565839250879,635.257,0.136,1311.429,7.00E-04,-0.7221,2.00E-04,0.6917,52.01,-0.00227,0.5664149,0,TRUE,0,0,0,0.25039047
1565839250999,635.836,0.136,1311.454,7.00E-04,-0.7223,2.00E-04,0.6916,52.15,-0.00227,0.5664149,0,TRUE,0,0,0,0.32377926
1565839251115,636.416,0.136,1311.48,7.00E-04,-0.7225,2.00E-04,0.6914,52.3,-0.00227,0.5664149,0,TRUE,0,0,0,0.3588296
1565839251238,636.997,0.136,1311.506,7.00E-04,-0.7227,2.00E-04,0.6912,52.45,-0.00227,0.5586023,0,TRUE,0,0,0,0.33841816
1565839251353,637.581,0.136,1311.533,7.00E-04,-0.7228,2.00E-04,0.691,52.6,-0.00227,0.5586023,0,TRUE,0,0,0,0.3619274
1565839251469,638.165,0.136,1311.56,7.00E-04,-0.723,2.00E-04,0.6908,52.75,-0.00227,0.5586023,0,TRUE,0,0,0,0.35881296
1565839251586,638.752,0.136,1311.587,7.00E-04,-0.7232,2.00E-04,0.6906,52.89,-0.00227,0.5586023,0,TRUE,0,0,0,0.3320318
1565839251705,639.34,0.136,1311.615,7.00E-04,-0.7234,2.00E-04,0.6904,53.04,-0.00227,0.5625086,0,TRUE,0,0,0,0.34974864
1565839251825,639.93,0.136,1311.643,7.00E-04,-0.7236,2.00E-04,0.6903,53.19,-0.00227,0.5625086,0,TRUE,0,0,0,0.34682783
1565839251943,640.521,0.136,1311.672,7.00E-04,-0.7237,2.00E-04,0.6901,53.34,-0.00227,0.5664149,0,TRUE,0,0,0,0.3526851
1565839252060,641.114,0.136,1311.7,7.00E-04,-0.7239,2.00E-04,0.6899,53.49,-0.00227,0.5664149,0,TRUE,0,0,0,0.35573396
1565839252178,641.709,0.136,1311.73,7.00E-04,-0.7241,2.00E-04,0.6897,53.65,-0.00227,0.5664149,0,TRUE,0,0,0,0.37616864
1565839252297,642.306,0.136,1311.759,7.00E-04,-0.7243,2.00E-04,0.6895,53.8,-0.00227,0.5664149,0,TRUE,0,0,0,0.3497209
1565839252420,642.904,0.136,1311.79,7.00E-04,-0.7245,2.00E-04,0.6893,53.95,-0.00227,0.5664149,0,TRUE,0,0,0,0.33830234
1565839252585,643.504,0.136,1311.82,7.00E-04,-0.7247,2.00E-04,0.6891,54.11,-0.00197,0.5664149,0,TRUE,0,0,0,0.2690261
1565839252761,644.105,0.136,1311.851,7.00E-04,-0.7248,2.00E-04,0.6889,54.26,-0.00112,0.5664149,0,TRUE,0,0,0,0.23642434
1565839252882,644.708,0.136,1311.882,7.00E-04,-0.725,2.00E-04,0.6888,54.42,-0.00112,0.5586023,0,TRUE,0,0,0,0.36682457
1565839252997,645.313,0.136,1311.913,7.00E-04,-0.7251,2.00E-04,0.6887,54.57,-0.00112,0.5586023,0,TRUE,0,0,0,0.36184767
1565839253112,645.92,0.136,1311.945,7.00E-04,-0.7252,2.00E-04,0.6886,54.72,-0.00112,0.5586023,0,TRUE,0,0,0,0.36182067
1565839253233,646.528,0.136,1311.977,7.00E-04,-0.7252,2.00E-04,0.6885,54.87,-0.00112,0.5664149,0,TRUE,0,0,0,0.34386837
1565839253358,647.138,0.136,1312.009,7.00E-04,-0.7253,2.00E-04,0.6884,55.03,-0.00112,0.5664149,0,TRUE,0,0,0,0.35506752
1565839253475,647.75,0.136,1312.041,7.00E-04,-0.7254,2.00E-04,0.6883,55.18,-0.00112,0.5664149,0,TRUE,0,0,0,0.35564366
1565839253591,648.363,0.136,1312.074,7.00E-04,-0.7255,2.00E-04,0.6882,55.34,-0.00112,0.5664149,0,TRUE,0,0,0,0.38258877
1565839253706,648.979,0.136,1312.107,7.00E-04,-0.7256,2.00E-04,0.6881,55.5,-0.00112,0.5664149,0,TRUE,0,0,0,0.38591704
1565839253831,649.596,0.136,1312.14,7.00E-04,-0.7257,2.00E-04,0.688,55.66,-0.00112,0.5664149,0,TRUE,0,0,0,0.35504904
1565839253946,650.214,0.136,1312.173,7.00E-04,-0.7258,2.00E-04,0.6879,55.81,-0.00112,0.5664149,0,TRUE,0,0,0,0.36180833
1565839254060,650.835,0.136,1312.207,7.00E-04,-0.7259,2.00E-04,0.6878,55.97,-0.00112,0.5664149,0,TRUE,0,0,0,0.38927826
1565839254175,651.457,0.136,1312.241,7.00E-04,-0.726,2.00E-04,0.6877,56.13,-0.00112,0.5664149,0,TRUE,0,0,0,0.38589907
1565839254295,652.081,0.136,1312.275,7.00E-04,-0.7261,2.00E-04,0.6876,56.29,-0.00112,0.5664149,0,TRUE,0,0,0,0.36981967
1565839254411,652.706,0.136,1312.309,7.00E-04,-0.7262,2.00E-04,0.6875,56.45,-0.00112,0.5664149,0,TRUE,0,0,0,0.38257793
1565839254528,653.334,0.136,1312.344,7.00E-04,-0.7263,2.00E-04,0.6874,56.61,-0.00112,0.5664149,0,TRUE,0,0,0,0.379277
1565839254644,653.963,0.136,1312.379,7.00E-04,-0.7264,2.00E-04,0.6873,56.77,-0.00112,0.5664149,0,TRUE,0,0,0,0.38254857
1565839254819,654.594,0.136,1312.414,7.00E-04,-0.7265,2.00E-04,0.6872,56.93,-7.20E-04,0.5664149,0,TRUE,0,0,0,0.25358018
1565839254987,655.226,0.136,1312.45,7.00E-04,-0.7266,2.00E-04,0.6871,57.08,-1.60E-04,0.5664149,0,TRUE,0,0,0,0.2476168
1565839255112,655.861,0.136,1312.485,7.00E-04,-0.7266,1.00E-04,0.687,57.24,-1.60E-04,0.5586023,0,TRUE,0,0,0,0.3550153
1565839255229,656.497,0.136,1312.521,7.00E-04,-0.7266,1.00E-04,0.687,57.4,-1.60E-04,0.5586023,0,TRUE,0,0,0,0.37925926
1565839255349,657.135,0.136,1312.557,7.00E-04,-0.7267,1.00E-04,0.687,57.56,-1.60E-04,0.5625086,0,TRUE,0,0,0,0.3697815
1565839255464,657.775,0.136,1312.593,7.00E-04,-0.7267,1.00E-04,0.687,57.71,-1.60E-04,0.5625086,0,TRUE,0,0,0,0.3617412
1565839255588,658.416,0.136,1312.629,7.00E-04,-0.7267,1.00E-04,0.687,57.87,-1.60E-04,0.5625086,0,TRUE,0,0,0,0.35785833
1565839255720,659.059,0.136,1312.665,7.00E-04,-0.7267,1.00E-04,0.6869,58.03,-6.00E-05,0.5625086,0,TRUE,0,0,0,0.33617327
1565839255899,659.704,0.136,1312.701,7.00E-04,-0.7267,1.00E-04,0.6869,58.19,9.20E-04,0.5625086,0,TRUE,0,0,0,0.24790666
1565839256040,660.351,0.136,1312.737,7.00E-04,-0.7267,1.00E-04,0.687,58.35,0.00106,0.5586023,0,TRUE,0,0,0,0.31472152
1565839256155,660.999,0.136,1312.774,7.00E-04,-0.7266,1.00E-04,0.687,58.5,0.00106,0.5586023,0,TRUE,0,0,0,0.36173376
1565839256277,661.65,0.136,1312.81,7.00E-04,-0.7265,1.00E-04,0.6871,58.66,0.00106,0.5586023,0,TRUE,0,0,0,0.36374232
1565839256396,662.301,0.136,1312.846,7.00E-04,-0.7264,1.00E-04,0.6872,58.82,0.00106,0.5586023,0,TRUE,0,0,0,0.37291613
1565839256517,662.955,0.136,1312.882,7.00E-04,-0.7264,1.00E-04,0.6873,58.97,0.00106,0.5625086,0,TRUE,0,0,0,0.3438353
1565839256651,663.611,0.136,1312.918,7.00E-04,-0.7263,1.00E-04,0.6874,59.13,0.00115,0.5625086,0,TRUE,0,0,0,0.33117604
1565839256823,664.268,0.136,1312.954,7.00E-04,-0.7262,1.00E-04,0.6875,59.29,0.00178,0.5625086,0,TRUE,0,0,0,0.25801042
1565839256957,664.927,0.136,1312.989,8.00E-04,-0.7261,1.00E-04,0.6876,59.45,0.00186,0.5586023,0,TRUE,0,0,0,0.33120695
1565839257081,665.588,0.136,1313.025,8.00E-04,-0.7259,1.00E-04,0.6878,59.61,0.00186,0.5586023,0,TRUE,0,0,0,0.35789192
1565839257197,666.25,0.136,1313.06,8.00E-04,-0.7258,1.00E-04,0.6879,59.77,0.00186,0.5586023,0,TRUE,0,0,0,0.38260603
1565839257315,666.914,0.136,1313.095,8.00E-04,-0.7256,1.00E-04,0.6881,59.92,0.00186,0.5586023,0,TRUE,0,0,0,0.3526149
1565839257430,667.58,0.136,1313.13,8.00E-04,-0.7254,1.00E-04,0.6883,60.08,0.00186,0.5586023,0,TRUE,0,0,0,0.3859487
1565839257551,668.248,0.136,1313.164,8.00E-04,-0.7253,1.00E-04,0.6884,60.24,0.00186,0.5586023,0,TRUE,0,0,0,0.36683604
1565839257674,668.918,0.136,1313.199,8.00E-04,-0.7251,1.00E-04,0.6886,60.39,0.00186,0.5664149,0,TRUE,0,0,0,0.33828616
1565839257790,669.589,0.136,1313.233,8.00E-04,-0.725,1.00E-04,0.6888,60.56,0.00186,0.5664149,0,TRUE,0,0,0,0.40656948
1565839257905,670.262,0.136,1313.267,8.00E-04,-0.7248,1.00E-04,0.689,60.72,0.00186,0.5664149,0,TRUE,0,0,0,0.38598275
1565839258025,670.937,0.136,1313.3,8.00E-04,-0.7246,1.00E-04,0.6891,60.88,0.00186,0.5625086,0,TRUE,0,0,0,0.36992604
1565839258146,671.614,0.136,1313.334,8.00E-04,-0.7245,1.00E-04,0.6893,61.04,0.00186,0.5625086,0,TRUE,0,0,0,0.36684853
1565839258266,672.293,0.136,1313.367,8.00E-04,-0.7243,1.00E-04,0.6895,61.2,0.00186,0.5625086,0,TRUE,0,0,0,0.36993453
1565839258382,672.973,0.136,1313.4,8.00E-04,-0.7242,1.00E-04,0.6896,61.36,0.00186,0.5625086,0,TRUE,0,0,0,0.38268885
1565839258499,673.655,0.136,1313.433,8.00E-04,-0.724,1.00E-04,0.6898,61.52,0.00186,0.5625086,0,TRUE,0,0,0,0.37942392
1565839258614,674.339,0.136,1313.466,8.00E-04,-0.7238,1.00E-04,0.69,61.68,0.00186,0.5625086,0,TRUE,0,0,0,0.3860252
1565839258734,675.025,0.136,1313.498,8.00E-04,-0.7237,1.00E-04,0.6901,61.84,0.00186,0.5625086,0,TRUE,0,0,0,0.36996517
1565839258851,675.712,0.136,1313.53,8.00E-04,-0.7235,1.00E-04,0.6903,61.99,0.00186,0.5625086,0,TRUE,0,0,0,0.35574368
1565839258967,676.401,0.136,1313.562,8.00E-04,-0.7233,1.00E-04,0.6905,62.15,0.00186,0.5625086,0,TRUE,0,0,0,0.38272938
1565839259130,677.092,0.136,1313.593,8.00E-04,-0.7232,1.00E-04,0.6907,62.31,0.00159,0.5625086,0,TRUE,0,0,0,0.27239096
1565839259300,677.785,0.136,1313.624,8.00E-04,-0.723,1.00E-04,0.6908,62.47,8.80E-04,0.5625086,0,TRUE,0,0,0,0.2611764
1565839259473,678.48,0.136,1313.656,7.00E-04,-0.7229,1.00E-04,0.6909,62.63,4.80E-04,0.5625086,0,TRUE,0,0,0,0.25663254
1565839259641,679.176,0.136,1313.687,7.00E-04,-0.7229,1.00E-04,0.691,62.79,-3.80E-04,0.5625086,0,TRUE,0,0,0,0.26428795
1565839259768,679.874,0.136,1313.718,7.00E-04,-0.7229,1.00E-04,0.691,62.95,-4.70E-04,0.5625086,0,TRUE,0,0,0,0.3496112
1565839259925,680.574,0.136,1313.75,7.00E-04,-0.7229,2.00E-04,0.691,63.11,-2.40E-04,0.5625086,0,TRUE,0,0,0,0.28279036
1565839260095,681.276,0.136,1313.782,7.00E-04,-0.7229,1.00E-04,0.6909,63.27,0.00124,0.5625086,0,TRUE,0,0,0,0.2611668
1565839260269,681.979,0.136,1313.814,7.00E-04,-0.7229,1.00E-04,0.691,63.42,0.00286,0.5625086,0,TRUE,0,0,0,0.23921253
1565839260439,682.684,0.136,1313.845,8.00E-04,-0.7227,1.00E-04,0.6911,63.58,0.00417,0.5625086,0,TRUE,0,0,0,0.26119146
1565839260611,683.391,0.136,1313.875,8.00E-04,-0.7224,0,0.6915,63.74,0.0058,0.5625086,0,TRUE,0,0,0,0.2581649
1565839260788,684.1,0.136,1313.905,9.00E-04,-0.722,0,0.6919,63.9,0.00703,0.5625086,0,TRUE,0,0,0,0.25087342
1565839260934,684.811,0.136,1313.933,9.00E-04,-0.7214,-1.00E-04,0.6925,64.06,0.00722,0.5625086,0,TRUE,0,0,0,0.30417147
1565839261124,685.523,0.136,1313.96,9.00E-04,-0.7207,-1.00E-04,0.6932,64.21,0.0092,0.5625086,0,TRUE,0,0,0,0.21914327
1565839261297,686.237,0.136,1313.985,0.001,-0.72,-1.00E-04,0.694,64.37,0.01145,0.5625086,0,TRUE,0,0,0,0.25675255
1565839261431,686.953,0.136,1314.008,0.001,-0.719,-2.00E-04,0.695,64.5,0.01138,0.5625086,0,TRUE,0,0,0,0.26934043
1565839261602,687.67,0.136,1314.029,0.001,-0.718,-2.00E-04,0.6961,64.61,0.01027,0.5625086,0,TRUE,0,0,0,0.17861187
1565839261774,688.389,0.136,1314.047,0.001,-0.7169,-2.00E-04,0.6972,64.73,0.00769,0.5625086,0,TRUE,0,0,0,0.19374257
1565839261944,689.109,0.136,1314.065,9.00E-04,-0.7161,-1.00E-04,0.698,64.85,0.00495,0.5586023,0,TRUE,0,0,0,0.1960096
1565839262119,689.83,0.136,1314.081,9.00E-04,-0.7154,0,0.6987,64.96,0.00265,0.5586023,0,TRUE,0,0,0,0.17456053
1565839262296,690.552,0.136,1314.096,8.00E-04,-0.715,0,0.6991,65.08,1.70E-04,0.5586023,0,TRUE,0,0,0,0.18828817
1565839262465,691.276,0.136,1314.112,7.00E-04,-0.7149,1.00E-04,0.6992,65.19,-8.70E-04,0.5586023,0,TRUE,0,0,0,0.18075834
1565839262641,692.001,0.136,1314.128,7.00E-04,-0.7149,1.00E-04,0.6992,65.31,-0.00175,0.5625086,0,TRUE,0,0,0,0.1893402
1565839262816,692.728,0.136,1314.145,6.00E-04,-0.715,2.00E-04,0.6991,65.43,-0.0033,0.5664149,0,TRUE,0,0,0,0.19042873
1565839262987,693.455,0.136,1314.162,6.00E-04,-0.7153,2.00E-04,0.6989,65.55,-0.00444,0.5664149,0,TRUE,0,0,0,0.19488318
1565839263157,694.184,0.136,1314.18,6.00E-04,-0.7156,2.00E-04,0.6985,65.67,-0.00541,0.5664149,0,TRUE,0,0,0,0.19601028
1565839263293,694.915,0.136,1314.199,5.00E-04,-0.7161,3.00E-04,0.698,65.79,-0.00556,0.5664149,0,TRUE,0,0,0,0.2450216
1565839263409,695.646,0.136,1314.22,5.00E-04,-0.7166,3.00E-04,0.6975,65.91,-0.00556,0.5625086,0,TRUE,0,0,0,0.28724447
1565839263581,696.379,0.136,1314.242,5.00E-04,-0.7172,3.00E-04,0.6969,66.03,-0.00519,0.5586023,0,TRUE,0,0,0,0.19370356
1565839263748,697.113,0.136,1314.264,5.00E-04,-0.7177,3.00E-04,0.6964,66.15,-0.00263,0.5586023,0,TRUE,0,0,0,0.199515
1565839263918,697.849,0.136,1314.288,6.00E-04,-0.7181,2.00E-04,0.696,66.27,0.00243,0.5586023,0,TRUE,0,0,0,0.19596696
1565839264098,698.586,0.136,1314.311,7.00E-04,-0.7181,1.00E-04,0.6959,66.39,0.00672,0.5586023,0,TRUE,0,0,0,0.18509878
1565839264270,699.324,0.136,1314.333,9.00E-04,-0.7177,-1.00E-04,0.6963,66.51,0.00893,0.5586023,0,TRUE,0,0,0,0.19371706
1565839264442,700.064,0.136,1314.353,0.001,-0.717,-2.00E-04,0.6971,66.63,0.00984,0.5586023,0,TRUE,0,0,0,0.1937197
1565839264609,700.805,0.136,1314.371,0.001,-0.7161,-2.00E-04,0.698,66.75,0.01218,0.5586023,0,TRUE,0,0,0,0.19954687
1565839264781,701.547,0.136,1314.386,0.0011,-0.715,-2.00E-04,0.6991,66.87,0.01378,0.5586023,0,TRUE,0,0,0,0.19376324
1565839264934,702.291,0.136,1314.398,0.0011,-0.7138,-3.00E-04,0.7004,66.99,0.014,0.54688334,0,TRUE,0,0,0,0.2178279
1565839265105,703.036,0.136,1314.408,0.0011,-0.7124,-3.00E-04,0.7017,67.1,0.01306,0.5390707,0,TRUE,0,0,0,0.17867233
1565839265281,703.782,0.136,1314.415,0.0011,-0.7111,-3.00E-04,0.7031,67.22,0.01116,0.5195392,0,TRUE,0,0,0,0.18938975
1565839265452,704.53,0.136,1314.419,0.0011,-0.7099,-3.00E-04,0.7043,67.32,0.00915,0.5195392,0,TRUE,0,0,0,0.16243845
1565839265623,705.279,0.136,1314.421,0.001,-0.7088,-2.00E-04,0.7054,67.42,0.00699,0.5195392,0,TRUE,0,0,0,0.16244005
1565839265794,706.029,0.136,1314.422,9.00E-04,-0.708,-1.00E-04,0.7062,67.53,0.00407,0.5195392,0,TRUE,0,0,0,0.17868829
1565839265963,706.78,0.136,1314.422,8.00E-04,-0.7074,0,0.7068,67.63,0.00133,0.5195392,0,TRUE,0,0,0,0.16436306
1565839266135,707.532,0.136,1314.421,8.00E-04,-0.7071,0,0.7071,67.73,2.50E-04,0.5390707,0,TRUE,0,0,0,0.16150844
1565839266304,708.285,0.136,1314.421,7.00E-04,-0.707,1.00E-04,0.7072,67.84,-6.90E-04,0.5390707,0,TRUE,0,0,0,0.18079057
1565839266484,709.04,0.136,1314.421,7.00E-04,-0.707,1.00E-04,0.7072,67.95,-0.00139,0.5390707,0,TRUE,0,0,0,0.16975403
1565839266651,709.796,0.136,1314.421,7.00E-04,-0.7071,1.00E-04,0.7071,68.07,-0.0024,0.5390707,0,TRUE,0,0,0,0.19960538
1565839266811,710.553,0.136,1314.421,6.00E-04,-0.7073,2.00E-04,0.7069,68.18,-0.00268,0.5390707,0,TRUE,0,0,0,0.19097328
1565839266984,711.311,0.136,1314.423,6.00E-04,-0.7076,2.00E-04,0.7066,68.29,-0.00436,0.5390707,0,TRUE,0,0,0,0.1766221
1565839267151,712.071,0.136,1314.425,6.00E-04,-0.7079,2.00E-04,0.7063,68.41,-0.00528,0.5390707,0,TRUE,0,0,0,0.19960465
1565839267271,712.832,0.136,1314.428,5.00E-04,-0.7084,3.00E-04,0.7058,68.52,-0.00528,0.5390707,0,TRUE,0,0,0,0.25461152
1565839267387,713.594,0.136,1314.433,5.00E-04,-0.7089,3.00E-04,0.7053,68.64,-0.00528,0.5390707,0,TRUE,0,0,0,0.28735673
1565839267506,714.358,0.136,1314.439,5.00E-04,-0.7095,3.00E-04,0.7047,68.75,-0.00528,0.5390707,0,TRUE,0,0,0,0.2567629
1565839267621,715.122,0.136,1314.446,5.00E-04,-0.71,3.00E-04,0.7042,68.86,-0.00527,0.5390707,0,TRUE,0,0,0,0.2656906
1565839267789,715.888,0.136,1314.454,5.00E-04,-0.7106,3.00E-04,0.7036,68.98,-0.00457,0.5390707,0,TRUE,0,0,0,0.19840664
1565839267956,716.656,0.136,1314.463,5.00E-04,-0.7111,3.00E-04,0.7031,69.09,-0.0037,0.54297704,0,TRUE,0,0,0,0.18294308
1565839268072,717.424,0.136,1314.473,6.00E-04,-0.7115,2.00E-04,0.7027,69.21,-0.0037,0.54297704,0,TRUE,0,0,0,0.28733853
1565839268194,718.194,0.136,1314.484,6.00E-04,-0.7119,2.00E-04,0.7023,69.33,-0.00365,0.54297704,0,TRUE,0,0,0,0.2732025
1565839268361,718.965,0.136,1314.496,6.00E-04,-0.7123,2.00E-04,0.7019,69.45,-0.0025,0.54297704,0,TRUE,0,0,0,0.19956866
1565839268537,719.737,0.136,1314.509,6.00E-04,-0.7126,2.00E-04,0.7016,69.56,-0.00129,0.54297704,0,TRUE,0,0,0,0.17358722
1565839268705,720.511,0.136,1314.521,6.00E-04,-0.7128,2.00E-04,0.7013,69.68,-2.00E-05,0.54297704,0,TRUE,0,0,0,0.19839355
1565839268855,721.286,0.136,1314.534,7.00E-04,-0.7129,1.00E-04,0.7013,69.8,2.50E-04,0.54297704,0,TRUE,0,0,0,0.22219576
1565839268968,722.062,0.136,1314.547,7.00E-04,-0.7129,1.00E-04,0.7013,69.92,2.50E-04,0.54297704,0,TRUE,0,0,0,0.29493225
1565839269082,722.84,0.136,1314.56,7.00E-04,-0.7129,1.00E-04,0.7013,70.04,2.60E-04,0.54297704,0,TRUE,0,0,0,0.2923632
1565839269246,723.619,0.136,1314.572,7.00E-04,-0.7129,1.00E-04,0.7013,70.16,7.40E-04,0.54297704,0,TRUE,0,0,0,0.20323274
1565839269412,724.399,0.136,1314.585,7.00E-04,-0.7128,1.00E-04,0.7013,70.27,0.00167,0.54297704,0,TRUE,0,0,0,0.18403256
1565839269524,725.181,0.136,1314.597,7.00E-04,-0.7127,1.00E-04,0.7015,70.39,0.00167,0.54297704,0,TRUE,0,0,0,0.29759032
1565839269637,725.964,0.136,1314.609,8.00E-04,-0.7125,1.00E-04,0.7016,70.51,0.00167,0.54297704,0,TRUE,0,0,0,0.2949576
1565839269758,726.748,0.136,1314.621,8.00E-04,-0.7124,0,0.7018,70.63,0.00167,0.54297704,0,TRUE,0,0,0,0.27543885
1565839269912,727.534,0.136,1314.632,8.00E-04,-0.7122,1.00E-04,0.702,70.75,0.00145,0.54297704,0,TRUE,0,0,0,0.21643406
1565839270087,728.321,0.136,1314.643,8.00E-04,-0.712,1.00E-04,0.7021,70.87,9.70E-04,0.54297704,0,TRUE,0,0,0,0.19046202
1565839270200,729.109,0.136,1314.653,7.00E-04,-0.7119,1.00E-04,0.7023,70.99,9.70E-04,0.5390707,0,TRUE,0,0,0,0.29494944
1565839270314,729.899,0.136,1314.664,7.00E-04,-0.7118,1.00E-04,0.7024,71.11,9.70E-04,0.5390707,0,TRUE,0,0,0,0.2923761
1565839270429,730.689,0.136,1314.674,7.00E-04,-0.7117,1.00E-04,0.7025,71.23,9.70E-04,0.54688334,0,TRUE,0,0,0,0.28983846
1565839270544,731.482,0.136,1314.684,7.00E-04,-0.7116,1.00E-04,0.7026,71.35,9.70E-04,0.54688334,0,TRUE,0,0,0,0.2898202
1565839270660,732.275,0.136,1314.694,7.00E-04,-0.7115,1.00E-04,0.7027,71.47,9.70E-04,0.5390707,0,TRUE,0,0,0,0.28734004
1565839270774,733.07,0.136,1314.703,7.00E-04,-0.7114,1.00E-04,0.7028,71.59,9.70E-04,0.5390707,0,TRUE,0,0,0,0.29236692
1565839270891,733.867,0.136,1314.712,7.00E-04,-0.7113,1.00E-04,0.7029,71.71,9.70E-04,0.5390707,0,TRUE,0,0,0,0.28488854
1565839271004,734.664,0.136,1314.722,7.00E-04,-0.7112,1.00E-04,0.703,71.83,9.70E-04,0.54297704,0,TRUE,0,0,0,0.29496878
1565839271117,735.463,0.136,1314.731,7.00E-04,-0.7111,1.00E-04,0.7031,71.95,9.70E-04,0.54688334,0,TRUE,0,0,0,0.2949549
1565839271227,736.263,0.136,1314.739,7.00E-04,-0.711,1.00E-04,0.7032,72.07,9.70E-04,0.54688334,0,TRUE,0,0,0,0.30302188
1565839271337,737.065,0.136,1314.748,7.00E-04,-0.7109,1.00E-04,0.7033,72.19,9.70E-04,0.54688334,0,TRUE,0,0,0,0.30301806
1565839271448,737.868,0.136,1314.756,7.00E-04,-0.7108,1.00E-04,0.7034,72.32,9.70E-04,0.54688334,0,TRUE,0,0,0,0.32530257
1565839271564,738.673,0.136,1314.764,7.00E-04,-0.7107,1.00E-04,0.7035,72.44,9.70E-04,0.54688334,0,TRUE,0,0,0,0.28734854
1565839271678,739.478,0.136,1314.772,7.00E-04,-0.7106,1.00E-04,0.7036,72.56,9.70E-04,0.54688334,0,TRUE,0,0,0,0.2923716
1565839271788,740.285,0.136,1314.78,7.00E-04,-0.7105,1.00E-04,0.7037,72.69,9.70E-04,0.54688334,0,TRUE,0,0,0,0.3282788
1565839271897,741.094,0.136,1314.787,7.00E-04,-0.7104,1.00E-04,0.7038,72.81,9.70E-04,0.54688334,0,TRUE,0,0,0,0.30578667
1565839272007,741.904,0.136,1314.795,7.00E-04,-0.7103,1.00E-04,0.7039,72.94,9.70E-04,0.54688334,0,TRUE,0,0,0,0.32827893
1565839272122,742.715,0.136,1314.802,7.00E-04,-0.7102,1.00E-04,0.704,73.06,9.70E-04,0.54688334,0,TRUE,0,0,0,0.28983262
1565839272233,743.528,0.136,1314.809,7.00E-04,-0.7101,1.00E-04,0.7041,73.19,9.70E-04,0.54688334,0,TRUE,0,0,0,0.32532567
1565839272344,744.342,0.136,1314.815,7.00E-04,-0.71,1.00E-04,0.7042,73.31,9.70E-04,0.54688334,0,TRUE,0,0,0,0.30028
1565839272457,745.157,0.136,1314.821,7.00E-04,-0.7099,1.00E-04,0.7043,73.43,9.70E-04,0.54297704,0,TRUE,0,0,0,0.29498377
1565839272574,745.974,0.136,1314.827,7.00E-04,-0.7098,1.00E-04,0.7044,73.56,9.70E-04,0.54688334,0,TRUE,0,0,0,0.3086272
1565839272687,746.792,0.136,1314.833,7.00E-04,-0.7097,1.00E-04,0.7045,73.68,9.70E-04,0.54688334,0,TRUE,0,0,0,0.29498416
1565839272810,747.612,0.136,1314.839,7.00E-04,-0.7096,1.00E-04,0.7046,73.81,9.70E-04,0.54688334,0,TRUE,0,0,0,0.29357228
1565839272939,748.433,0.136,1314.844,7.00E-04,-0.7095,1.00E-04,0.7047,73.93,9.70E-04,0.54688334,0,TRUE,0,0,0,0.25839907
1565839273054,749.255,0.136,1314.85,7.00E-04,-0.7094,1.00E-04,0.7048,74.06,9.70E-04,0.54688334,0,TRUE,0,0,0,0.3139947
1565839273174,750.079,0.136,1314.855,7.00E-04,-0.7093,1.00E-04,0.7049,74.18,9.70E-04,0.54688334,0,TRUE,0,0,0,0.27777904
1565839273299,750.904,0.136,1314.859,7.00E-04,-0.7092,1.00E-04,0.705,74.31,9.70E-04,0.54688334,0,TRUE,0,0,0,0.28887933
1565839273421,751.731,0.136,1314.864,7.00E-04,-0.7091,1.00E-04,0.7051,74.43,9.70E-04,0.5390707,0,TRUE,0,0,0,0.27322534
1565839273538,752.559,0.136,1314.868,7.00E-04,-0.709,1.00E-04,0.7052,74.55,9.70E-04,0.54297704,0,TRUE,0,0,0,0.28490347
1565839273650,753.388,0.136,1314.872,7.00E-04,-0.7089,1.00E-04,0.7053,74.68,9.70E-04,0.54297704,0,TRUE,0,0,0,0.32241026
1565839273763,754.219,0.136,1314.876,7.00E-04,-0.7088,1.00E-04,0.7054,74.8,9.70E-04,0.54297704,0,TRUE,0,0,0,0.29498857
1565839273872,755.051,0.136,1314.879,7.00E-04,-0.7087,1.00E-04,0.7055,74.92,9.70E-04,0.54297704,0,TRUE,0,0,0,0.3057959
1565839273982,755.884,0.136,1314.883,7.00E-04,-0.7086,1.00E-04,0.7057,75.05,9.70E-04,0.54688334,0,TRUE,0,0,0,0.32829136
1565839274091,756.719,0.136,1314.886,7.00E-04,-0.7085,1.00E-04,0.7058,75.17,9.70E-04,0.54297704,0,TRUE,0,0,0,0.3057961
1565839274202,757.555,0.136,1314.889,7.00E-04,-0.7083,1.00E-04,0.7059,75.29,9.70E-04,0.54297704,0,TRUE,0,0,0,0.30030522
1565839274323,758.392,0.136,1314.891,7.00E-04,-0.7082,1.00E-04,0.706,75.42,9.70E-04,0.54297704,0,TRUE,0,0,0,0.2984318
1565839274432,759.231,0.136,1314.894,7.00E-04,-0.7081,1.00E-04,0.7061,75.54,9.70E-04,0.54297704,0,TRUE,0,0,0,0.3058154
1565839274546,760.072,0.136,1314.896,7.00E-04,-0.708,1.00E-04,0.7062,75.66,9.70E-04,0.54297704,0,TRUE,0,0,0,0.2924036
1565839274658,760.913,0.136,1314.898,7.00E-04,-0.7079,1.00E-04,0.7063,75.79,9.70E-04,0.54297704,0,TRUE,0,0,0,0.32241297
1565839274774,761.756,0.136,1314.899,7.00E-04,-0.7078,1.00E-04,0.7064,75.91,9.70E-04,0.5390707,0,TRUE,0,0,0,0.2873627
1565839274882,762.6,0.136,1314.9,7.00E-04,-0.7077,1.00E-04,0.7065,76.03,9.70E-04,0.5390707,0,TRUE,0,0,0,0.30862924
1565839274995,763.446,0.136,1314.901,7.00E-04,-0.7076,1.00E-04,0.7066,76.16,9.70E-04,0.54297704,0,TRUE,0,0,0,0.31957915
1565839275107,764.293,0.136,1314.902,7.00E-04,-0.7075,1.00E-04,0.7067,76.28,9.70E-04,0.5390707,0,TRUE,0,0,0,0.29760677
1565839275228,765.142,0.136,1314.903,7.00E-04,-0.7074,1.00E-04,0.7068,76.4,9.70E-04,0.5234455,0,TRUE,0,0,0,0.27548823
1565839275349,765.992,0.136,1314.903,7.00E-04,-0.7073,1.00E-04,0.7069,76.52,9.70E-04,0.50391394,0,TRUE,0,0,0,0.2754709
1565839275460,766.842,0.136,1314.903,7.00E-04,-0.7072,1.00E-04,0.707,76.62,9.70E-04,0.49999237,0,TRUE,0,0,0,0.25026554
1565839275569,767.695,0.136,1314.903,7.00E-04,-0.7071,1.00E-04,0.7071,76.72,9.70E-04,0.49999237,0,TRUE,0,0,0,0.2548381
1565839275685,768.548,0.136,1314.903,7.00E-04,-0.707,1.00E-04,0.7073,76.82,9.70E-04,0.50782025,0,TRUE,0,0,0,0.23945995
1565839275793,769.402,0.136,1314.902,7.00E-04,-0.7069,1.00E-04,0.7074,76.93,9.70E-04,0.50782025,0,TRUE,0,0,0,0.2829232
1565839275900,770.258,0.136,1314.901,7.00E-04,-0.7067,1.00E-04,0.7075,77.03,9.70E-04,0.50782025,0,TRUE,0,0,0,0.2596013
1565839276032,771.114,0.136,1314.9,7.00E-04,-0.7066,1.00E-04,0.7076,77.14,9.70E-04,0.46030366,0,TRUE,0,0,0,0.23148263
1565839276196,771.972,0.136,1314.898,7.00E-04,-0.7065,1.00E-04,0.7077,77.22,9.70E-04,0.071427464,0,TRUE,0,0,0,0.13550407
1565839276330,772.83,0.136,1314.896,7.00E-04,-0.7064,0,0.7078,77.17,9.70E-04,0,0,TRUE,0,0,0,-0.10365449
1565839276442,773.687,0.136,1314.894,7.00E-04,-0.7063,0,0.7079,77.07,9.70E-04,0,0,TRUE,0,0,0,-0.24801147
1565839276550,774.543,0.136,1314.892,7.00E-04,-0.7062,0,0.708,76.97,9.70E-04,0,0,TRUE,0,0,0,-0.257197
1565839276656,775.397,0.136,1314.889,7.00E-04,-0.7061,0,0.7081,76.86,9.70E-04,0,0,TRUE,0,0,0,-0.2882599
1565839276762,776.25,0.136,1314.886,7.00E-04,-0.706,0,0.7082,76.76,9.70E-04,0,0,TRUE,0,0,0,-0.26204884
1565839276879,777.103,0.136,1314.883,7.00E-04,-0.7058,0,0.7084,76.66,9.70E-04,0,0,TRUE,0,0,0,-0.23741189
1565839276988,777.954,0.136,1314.88,7.00E-04,-0.7057,0,0.7085,76.56,9.70E-04,0,0,TRUE,0,0,0,-0.25485593
1565839277095,778.804,0.136,1314.876,7.00E-04,-0.7056,0,0.7086,76.46,9.70E-04,0,0,TRUE,0,0,0,-0.25959852
1565839277204,779.653,0.136,1314.872,7.00E-04,-0.7055,0,0.7087,76.36,9.70E-04,0,0,TRUE,0,0,0,-0.25483525
1565839277314,780.501,0.136,1314.868,7.00E-04,-0.7054,0,0.7088,76.26,9.70E-04,0,0,TRUE,0,0,0,-0.25251874
1565839277424,781.347,0.136,1314.864,7.00E-04,-0.7053,0,0.7089,76.16,9.70E-04,0,0,TRUE,0,0,0,-0.25251856
1565839277534,782.193,0.136,1314.859,7.00E-04,-0.7052,0,0.709,76.06,9.70E-04,0,0,TRUE,0,0,0,-0.25253627
1565839277644,783.037,0.136,1314.854,7.00E-04,-0.7051,0,0.7092,75.96,9.70E-04,0,0,TRUE,0,0,0,-0.25251698
1565839277755,783.881,0.136,1314.849,7.00E-04,-0.7049,0,0.7093,75.86,9.70E-04,0,0,TRUE,0,0,0,-0.25024205
1565839277869,784.723,0.136,1314.843,7.00E-04,-0.7048,0,0.7094,75.76,9.70E-04,0,0,TRUE,0,0,0,-0.24365486
1565839277976,785.564,0.136,1314.837,7.00E-04,-0.7047,0,0.7095,75.66,9.70E-04,0,0,TRUE,0,0,0,-0.25959486
1565839278084,786.404,0.136,1314.831,7.00E-04,-0.7046,0,0.7096,75.56,9.70E-04,0,0,TRUE,0,0,0,-0.25721082
1565839278194,787.243,0.136,1314.825,7.00E-04,-0.7045,0,0.7097,75.45,9.70E-04,0,0,TRUE,0,0,0,-0.277772
1565839278305,788.081,0.136,1314.819,7.00E-04,-0.7044,0,0.7098,75.35,9.70E-04,0,0,TRUE,0,0,0,-0.25024006
1565839278415,788.917,0.136,1314.812,7.00E-04,-0.7043,0,0.7099,75.25,9.70E-04,0,0,TRUE,0,0,0,-0.2525127
1565839278523,789.753,0.136,1314.805,7.00E-04,-0.7042,0,0.71,75.15,9.70E-04,0,0,TRUE,0,0,0,-0.25718883
1565839278634,790.587,0.136,1314.797,7.00E-04,-0.704,0,0.7102,75.05,9.70E-04,0,0,TRUE,0,0,0,-0.25023475
1565839278742,791.42,0.136,1314.79,7.00E-04,-0.7039,0,0.7103,74.95,9.70E-04,0,0,TRUE,0,0,0,-0.2572084
1565839278850,792.252,0.136,1314.782,7.00E-04,-0.7038,0,0.7104,74.85,9.70E-04,0,0,TRUE,0,0,0,-0.2571857
1565839278958,793.083,0.136,1314.774,7.00E-04,-0.7037,0,0.7105,74.75,9.70E-04,0,0,TRUE,0,0,0,-0.25718603
1565839279124,793.913,0.136,1314.766,7.00E-04,-0.7036,0,0.7106,74.65,2.70E-04,0,0,TRUE,0,0,0,-0.16732559
1565839279291,794.742,0.136,1314.757,6.00E-04,-0.7035,0,0.7107,74.55,-0.00125,0,0,TRUE,0,0,0,-0.16632158
1565839279454,795.569,0.136,1314.749,6.00E-04,-0.7036,0,0.7106,74.45,-0.00404,0,0,TRUE,0,0,0,-0.17041837
1565839279624,796.396,0.136,1314.742,5.00E-04,-0.7038,1.00E-04,0.7104,74.35,-0.00679,0,0,TRUE,0,0,0,-0.16339022
1565839279789,797.221,0.136,1314.736,4.00E-04,-0.7044,2.00E-04,0.7098,74.24,-0.00888,0,0,TRUE,0,0,0,-0.18518135
1565839279950,798.046,0.136,1314.733,3.00E-04,-0.7052,3.00E-04,0.709,74.14,-0.01003,0.05159074,0,TRUE,0,0,0,-0.17252907
1565839280068,798.869,0.136,1314.732,3.00E-04,-0.7063,4.00E-04,0.708,74.04,-0.01006,0.063492775,0,TRUE,0,0,0,-0.23540114
1565839280186,799.691,0.136,1314.734,2.00E-04,-0.7074,4.00E-04,0.7069,73.94,-0.01006,0.07539481,0,TRUE,0,0,0,-0.23540065
1565839280300,800.512,0.136,1314.738,2.00E-04,-0.7085,4.00E-04,0.7058,73.84,-0.01006,0.08729684,0,TRUE,0,0,0,-0.24367668
1565839280442,801.332,0.136,1314.745,2.00E-04,-0.7096,4.00E-04,0.7047,73.74,-0.00985,0.09523153,0,TRUE,0,0,0,-0.19560815
1565839280611,802.15,0.136,1314.754,3.00E-04,-0.7106,4.00E-04,0.7036,73.64,-0.00826,0,0,TRUE,0,0,0,-0.16435303
1565839280773,802.968,0.136,1314.766,3.00E-04,-0.7116,3.00E-04,0.7026,73.54,-0.00543,0,0,TRUE,0,0,0,-0.17144683
1565839280941,803.784,0.136,1314.779,4.00E-04,-0.7124,3.00E-04,0.7018,73.44,-0.00244,0,0,TRUE,0,0,0,-0.1653202
1565839281105,804.599,0.136,1314.793,5.00E-04,-0.7128,1.00E-04,0.7013,73.33,-8.30E-04,0,0,TRUE,0,0,0,-0.18628825
1565839281268,805.413,0.136,1314.807,6.00E-04,-0.713,1.00E-04,0.7011,73.23,1.00E-04,0,0,TRUE,0,0,0,-0.1703879
1565839281435,806.226,0.136,1314.82,6.00E-04,-0.7131,0,0.7011,73.13,7.90E-04,0,0,TRUE,0,0,0,-0.16632311
1565839281546,807.038,0.136,1314.834,6.00E-04,-0.7131,0,0.7011,73.03,8.00E-04,0,0,TRUE,0,0,0,-0.25020903
1565839281657,807.849,0.136,1314.847,7.00E-04,-0.713,0,0.7012,72.93,8.00E-04,0,0,TRUE,0,0,0,-0.250214
1565839281764,808.658,0.136,1314.861,7.00E-04,-0.7129,0,0.7013,72.83,8.00E-04,0,0,TRUE,0,0,0,-0.25956303
1565839281900,809.467,0.136,1314.874,6.00E-04,-0.7128,0,0.7014,72.73,9.80E-04,0,0,TRUE,0,0,0,-0.20421863
1565839282061,810.274,0.136,1314.886,7.00E-04,-0.7127,0,0.7015,72.63,0.00211,0,0,TRUE,0,0,0,-0.1725244
1565839282189,811.08,0.136,1314.899,7.00E-04,-0.7125,0,0.7016,72.53,0.00225,0,0,TRUE,0,0,0,-0.2169821
1565839282298,811.886,0.136,1314.91,7.00E-04,-0.7123,-1.00E-04,0.7019,72.43,0.00225,0,0,TRUE,0,0,0,-0.25481445
1565839282407,812.69,0.136,1314.921,7.00E-04,-0.7121,-1.00E-04,0.7021,72.33,0.00225,0,0,TRUE,0,0,0,-0.2548143
1565839282522,813.492,0.136,1314.932,7.00E-04,-0.7118,-1.00E-04,0.7024,72.23,0.00225,0,0,TRUE,0,0,0,-0.24151956
1565839282633,814.294,0.136,1314.942,7.00E-04,-0.7116,-1.00E-04,0.7026,72.13,0.00225,0,0,TRUE,0,0,0,-0.25024605
1565839282746,815.095,0.136,1314.951,7.00E-04,-0.7113,-1.00E-04,0.7028,72.02,0.00225,0,0,TRUE,0,0,0,-0.27038744
1565839282882,815.895,0.136,1314.96,7.00E-04,-0.7111,-1.00E-04,0.7031,71.92,0.00225,0.05952546,0,TRUE,0,0,0,-0.20423259
1565839283019,816.693,0.136,1314.968,7.00E-04,-0.7109,-1.00E-04,0.7033,71.82,0.00225,0.123018205,0,TRUE,0,0,0,-0.20274407
1565839283149,817.49,0.136,1314.976,7.00E-04,-0.7106,-1.00E-04,0.7036,71.72,0.00225,0.1706264,0,TRUE,0,0,0,-0.21366137
1565839283276,818.287,0.136,1314.983,7.00E-04,-0.7104,-1.00E-04,0.7038,71.62,0.00225,0.20634776,0,TRUE,0,0,0,-0.21871072
1565839283393,819.082,0.136,1314.99,7.00E-04,-0.7101,-1.00E-04,0.7041,71.52,0.00225,0.22221714,0,TRUE,0,0,0,-0.2374223
1565839283510,819.876,0.136,1314.996,7.00E-04,-0.7099,-1.00E-04,0.7043,71.46,0.00225,0.23411918,0,TRUE,0,0,0,-0.1424403
1565839283622,820.67,0.136,1315.001,7.00E-04,-0.7097,0,0.7046,71.42,0.00225,0.23808652,0,TRUE,0,0,0,-0.099206656
1565839283741,821.463,0.136,1315.006,7.00E-04,-0.7094,0,0.7048,71.38,0.00225,0.21428245,0,TRUE,0,0,0,-0.09337097
1565839283858,822.256,0.136,1315.01,7.00E-04,-0.7092,0,0.705,71.3,0.00225,0.19047838,0,TRUE,0,0,0,-0.18991731
1565839283976,823.047,0.136,1315.014,7.00E-04,-0.7089,-1.00E-04,0.7053,71.2,0.00221,0.19047838,0,TRUE,0,0,0,-0.23541625
1565839284141,823.838,0.136,1315.017,7.00E-04,-0.7087,-1.00E-04,0.7055,71.09,0.00158,0.17459375,0,TRUE,0,0,0,-0.18518496
1565839284297,824.627,0.136,1315.02,7.00E-04,-0.7085,0,0.7057,70.99,0.00136,0.12698561,0,TRUE,0,0,0,-0.17805864
1565839284410,825.415,0.136,1315.023,7.00E-04,-0.7083,0,0.7059,70.89,0.00136,0.115083516,0,TRUE,0,0,0,-0.24581562
1565839284531,826.202,0.136,1315.025,7.00E-04,-0.7082,0,0.706,70.79,0.00136,0.09919891,0,TRUE,0,0,0,-0.22956413
1565839284658,826.988,0.136,1315.027,7.00E-04,-0.708,0,0.7062,70.69,0.00136,0.05159074,0,TRUE,0,0,0,-0.21871865
1565839284776,827.773,0.136,1315.028,7.00E-04,-0.7079,0,0.7063,70.59,0.00136,0.063492775,0,TRUE,0,0,0,-0.23541911
1565839284940,828.557,0.136,1315.03,7.00E-04,-0.7077,0,0.7065,70.49,9.60E-04,0.123018205,0,TRUE,0,0,0,-0.16937354
1565839285108,829.339,0.136,1315.031,7.00E-04,-0.7076,0,0.7066,70.39,3.10E-04,0.15872437,0,TRUE,0,0,0,-0.16534127
1565839285232,830.121,0.136,1315.032,6.00E-04,-0.7075,0,0.7067,70.29,3.10E-04,0.1825437,0,TRUE,0,0,0,-0.22401075
1565839285381,830.901,0.136,1315.033,6.00E-04,-0.7075,0,0.7067,70.19,8.00E-05,0.19047838,0,TRUE,0,0,0,-0.18642506
1565839285543,831.68,0.136,1315.034,6.00E-04,-0.7075,0,0.7067,70.09,-5.50E-04,0.19047838,0,TRUE,0,0,0,-0.17147808
1565839285689,832.458,0.136,1315.034,6.00E-04,-0.7075,0,0.7067,69.99,-7.70E-04,0.1825437,0,TRUE,0,0,0,-0.19025585
1565839285804,833.235,0.136,1315.035,6.00E-04,-0.7076,0,0.7067,69.88,-7.70E-04,0.16665906,0,TRUE,0,0,0,-0.26570177
1565839285934,834.011,0.136,1315.037,6.00E-04,-0.7076,0,0.7066,69.78,-7.70E-04,0.11905086,0,TRUE,0,0,0,-0.21367127
1565839286078,834.786,0.136,1315.038,6.00E-04,-0.7077,0,0.7065,69.68,-7.70E-04,0,0,TRUE,0,0,0,-0.19289815
1565839286203,835.559,0.136,1315.04,6.00E-04,-0.7078,0,0.7064,69.58,-7.70E-04,0,0,TRUE,0,0,0,-0.22221802
1565839286315,836.332,0.136,1315.042,6.00E-04,-0.7079,0,0.7063,69.48,-7.70E-04,0,0,TRUE,0,0,0,-0.24801132
1565839286428,837.103,0.136,1315.044,6.00E-04,-0.7079,0,0.7063,69.38,-7.70E-04,0,0,TRUE,0,0,0,-0.24583527
1565839286540,837.873,0.136,1315.045,6.00E-04,-0.708,0,0.7062,69.28,-7.70E-04,0,0,TRUE,0,0,0,-0.24801186
1565839286648,838.643,0.136,1315.048,6.00E-04,-0.7081,0,0.7061,69.18,-7.70E-04,0,0,TRUE,0,0,0,-0.25719586
1565839286761,839.411,0.136,1315.05,6.00E-04,-0.7082,0,0.706,69.08,-7.70E-04,0,0,TRUE,0,0,0,-0.24581641
1565839286869,840.177,0.136,1315.053,6.00E-04,-0.7082,0,0.706,68.98,-7.70E-04,0,0,TRUE,0,0,0,-0.25719586
1565839286977,840.943,0.136,1315.055,6.00E-04,-0.7083,0,0.7059,68.88,-7.70E-04,0,0,TRUE,0,0,0,-0.25721642
1565839287088,841.708,0.136,1315.058,6.00E-04,-0.7084,0,0.7058,68.78,-7.70E-04,0,0,TRUE,0,0,0,-0.2502446
1565839287198,842.471,0.136,1315.061,6.00E-04,-0.7085,0,0.7057,68.67,-7.70E-04,0,0,TRUE,0,0,0,-0.2777771
1565839287306,843.234,0.136,1315.065,6.00E-04,-0.7085,0,0.7057,68.57,-7.70E-04,0,0,TRUE,0,0,0,-0.25719437
1565839287429,843.995,0.136,1315.068,6.00E-04,-0.7086,0,0.7056,68.47,-7.70E-04,0,0,TRUE,0,0,0,-0.22583036
1565839287570,844.755,0.136,1315.071,6.00E-04,-0.7087,0,0.7055,68.37,-7.70E-04,0.10713357,0,TRUE,0,0,0,-0.19700092
1565839287694,845.514,0.136,1315.075,6.00E-04,-0.7088,0,0.7054,68.27,-7.70E-04,0.14285499,0,TRUE,0,0,0,-0.22402506
1565839287814,846.272,0.136,1315.079,6.00E-04,-0.7088,0,0.7054,68.17,-7.70E-04,0.16665906,0,TRUE,0,0,0,-0.23147468
1565839287934,847.029,0.136,1315.083,6.00E-04,-0.7089,0,0.7053,68.07,-7.70E-04,0.17856109,0,TRUE,0,0,0,-0.2314747
1565839288048,847.785,0.136,1315.087,6.00E-04,-0.709,0,0.7052,67.97,-7.70E-04,0.1825437,0,TRUE,0,0,0,-0.24365754
1565839288160,848.539,0.136,1315.091,6.00E-04,-0.7091,0,0.7051,67.87,-7.70E-04,0.19047838,0,TRUE,0,0,0,-0.24800877
1565839288273,849.293,0.136,1315.096,6.00E-04,-0.7091,0,0.7051,67.77,-7.70E-04,0.20634776,0,TRUE,0,0,0,-0.24583066
1565839288382,850.045,0.136,1315.1,6.00E-04,-0.7092,0,0.705,67.67,-7.70E-04,0.21031511,0,TRUE,0,0,0,-0.25483444
1565839288501,850.796,0.136,1315.105,6.00E-04,-0.7093,0,0.7049,67.57,-7.70E-04,0.2182498,0,TRUE,0,0,0,-0.23341797
1565839288614,851.546,0.136,1315.11,6.00E-04,-0.7094,0,0.7048,67.51,-7.70E-04,0.22221714,0,TRUE,0,0,0,-0.14748335
1565839288727,852.296,0.136,1315.115,6.00E-04,-0.7094,1.00E-04,0.7048,67.46,-7.70E-04,0.22618449,0,TRUE,0,0,0,-0.1229153
1565839288841,853.045,0.136,1315.12,6.00E-04,-0.7095,1.00E-04,0.7047,67.42,-7.70E-04,0.21824977,0,TRUE,0,0,0,-0.09746594
1565839288961,853.794,0.136,1315.126,6.00E-04,-0.7096,1.00E-04,0.7046,67.37,-7.70E-04,0.21428245,0,TRUE,0,0,0,-0.11572645
1565839289080,854.543,0.136,1315.131,6.00E-04,-0.7097,1.00E-04,0.7045,67.32,-7.70E-04,0.21031511,0,TRUE,0,0,0,-0.11671788
1565839289196,855.29,0.136,1315.137,6.00E-04,-0.7097,1.00E-04,0.7045,67.23,-7.70E-04,0.20238042,0,TRUE,0,0,0,-0.21550159
1565839289305,856.036,0.136,1315.143,6.00E-04,-0.7098,0,0.7044,67.13,-7.70E-04,0.20238042,0,TRUE,0,0,0,-0.25484937
1565839289417,856.782,0.136,1315.149,6.00E-04,-0.7099,0,0.7043,67.03,-7.70E-04,0.20238042,0,TRUE,0,0,0,-0.2480038
1565839289528,857.526,0.136,1315.155,6.00E-04,-0.71,0,0.7042,66.93,-7.70E-04,0.21031508,0,TRUE,0,0,0,-0.25023836
1565839289646,858.269,0.136,1315.161,6.00E-04,-0.71,0,0.7042,66.83,-7.70E-04,0.22221714,0,TRUE,0,0,0,-0.23539369
1565839289760,859.011,0.136,1315.168,6.00E-04,-0.7101,0,0.7041,66.77,-7.70E-04,0.22618449,0,TRUE,0,0,0,-0.14620505
1565839289875,859.752,0.136,1315.174,6.00E-04,-0.7102,1.00E-04,0.704,66.73,-7.70E-04,0.23411918,0,TRUE,0,0,0,-0.096599005
1565839289988,860.493,0.136,1315.181,6.00E-04,-0.7103,1.00E-04,0.7039,66.69,-7.70E-04,0.23808652,0,TRUE,0,0,0,-0.098326184
1565839290099,861.234,0.136,1315.188,6.00E-04,-0.7103,1.00E-04,0.7039,66.65,-7.70E-04,0.23808652,0,TRUE,0,0,0,-0.100097984
1565839290217,861.974,0.136,1315.195,6.00E-04,-0.7104,1.00E-04,0.7038,66.61,-7.70E-04,0.24602121,0,TRUE,0,0,0,-0.094159946
1565839290336,862.714,0.136,1315.202,6.00E-04,-0.7105,1.00E-04,0.7037,66.57,-7.70E-04,0.25397116,0,TRUE,0,0,0,-0.09336855
1565839290478,863.454,0.136,1315.209,6.00E-04,-0.7106,1.00E-04,0.7036,66.54,-7.70E-04,0.3333333,0,TRUE,0,0,0,-0.058680467
1565839290595,864.193,0.136,1315.217,6.00E-04,-0.7106,1.00E-04,0.7036,66.54,-7.70E-04,0.341268,0,TRUE,0,0,0,0
1565839290715,864.933,0.136,1315.225,6.00E-04,-0.7107,1.00E-04,0.7035,66.56,-7.70E-04,0.34523535,0,TRUE,0,0,0,0.046285868
1565839290825,865.672,0.136,1315.232,6.00E-04,-0.7108,1.00E-04,0.7034,66.57,-7.70E-04,0.34523535,0,TRUE,0,0,0,0.025256762
1565839290938,866.412,0.136,1315.24,6.00E-04,-0.7109,1.00E-04,0.7033,66.59,-7.70E-04,0.34523535,0,TRUE,0,0,0,0.04915313
1565839291047,867.152,0.136,1315.248,6.00E-04,-0.7109,1.00E-04,0.7033,66.6,-7.70E-04,0.3492027,0,TRUE,0,0,0,0.025488133
1565839291162,867.892,0.136,1315.257,6.00E-04,-0.711,1.00E-04,0.7032,66.62,-7.70E-04,0.35317004,0,TRUE,0,0,0,0.048316
1565839291268,868.632,0.136,1315.265,6.00E-04,-0.7111,1.00E-04,0.7031,66.63,-7.70E-04,0.35317004,0,TRUE,0,0,0,0.026189504
1565839291378,869.373,0.136,1315.274,6.00E-04,-0.7112,1.00E-04,0.703,66.65,-7.70E-04,0.35713738,0,TRUE,0,0,0,0.050512083
1565839291489,870.114,0.136,1315.283,6.00E-04,-0.7112,1.00E-04,0.7029,66.67,-7.70E-04,0.35713738,0,TRUE,0,0,0,0.050038036
1565839291599,870.855,0.136,1315.291,6.00E-04,-0.7113,1.00E-04,0.7029,66.7,-7.70E-04,0.35713738,0,TRUE,0,0,0,0.07575002
1565839291713,871.596,0.136,1315.301,6.00E-04,-0.7114,1.00E-04,0.7028,66.72,-7.70E-04,0.36110473,0,TRUE,0,0,0,0.048738908
1565839291822,872.337,0.136,1315.31,6.00E-04,-0.7115,1.00E-04,0.7027,66.74,-7.70E-04,0.36110473,0,TRUE,0,0,0,0.05095606
1565839291932,873.079,0.136,1315.319,6.00E-04,-0.7115,1.00E-04,0.7026,66.76,-7.70E-04,0.36507207,0,TRUE,0,0,0,0.0505122
1565839292043,873.821,0.136,1315.329,6.00E-04,-0.7116,1.00E-04,0.7026,66.79,-7.70E-04,0.36903942,0,TRUE,0,0,0,0.075065196
1565839292153,874.563,0.136,1315.339,6.00E-04,-0.7117,1.00E-04,0.7025,66.81,-7.70E-04,0.36903942,0,TRUE,0,0,0,0.05049198
1565839292261,875.306,0.136,1315.349,6.00E-04,-0.7118,1.00E-04,0.7024,66.84,-7.70E-04,0.36903942,0,TRUE,0,0,0,0.07715036
1565839292369,876.049,0.136,1315.359,6.00E-04,-0.7119,1.00E-04,0.7023,66.87,-7.70E-04,0.36903942,0,TRUE,0,0,0,0.077169985
1565839292476,876.792,0.136,1315.369,6.00E-04,-0.7119,1.00E-04,0.7022,66.89,-7.70E-04,0.36903942,0,TRUE,0,0,0,0.05190766
1565839292586,877.535,0.136,1315.379,6.00E-04,-0.712,1.00E-04,0.7022,66.92,-7.70E-04,0.36903942,0,TRUE,0,0,0,0.075747624
1565839292698,878.279,0.136,1315.39,6.00E-04,-0.7121,1.00E-04,0.7021,66.95,-7.70E-04,0.36903942,0,TRUE,0,0,0,0.07439362
1565839292807,879.023,0.136,1315.401,6.00E-04,-0.7122,1.00E-04,0.702,66.97,-7.70E-04,0.36903942,0,TRUE,0,0,0,0.050973732
1565839292914,879.767,0.136,1315.412,6.00E-04,-0.7122,1.00E-04,0.7019,67,-7.70E-04,0.36903942,0,TRUE,0,0,0,0.07786996
1565839293024,880.512,0.136,1315.423,6.00E-04,-0.7123,1.00E-04,0.7019,67.03,-7.70E-04,0.36507207,0,TRUE,0,0,0,0.07574627
1565839293135,881.257,0.136,1315.434,6.00E-04,-0.7124,1.00E-04,0.7018,67.05,-7.70E-04,0.36110473,0,TRUE,0,0,0,0.050055306
1565839293244,882.002,0.136,1315.446,6.00E-04,-0.7125,1.00E-04,0.7017,67.08,-7.70E-04,0.36110473,0,TRUE,0,0,0,0.07643943
1565839293358,882.747,0.136,1315.457,6.00E-04,-0.7125,1.00E-04,0.7016,67.1,-7.70E-04,0.35317004,0,TRUE,0,0,0,0.04871947
1565839293471,883.493,0.136,1315.469,6.00E-04,-0.7126,1.00E-04,0.7015,67.12,-7.70E-04,0.3492027,0,TRUE,0,0,0,0.049168393
1565839293584,884.239,0.136,1315.481,6.00E-04,-0.7127,1.00E-04,0.7015,67.14,-7.70E-04,0.3492027,0,TRUE,0,0,0,0.04914964
1565839293698,884.985,0.136,1315.493,6.00E-04,-0.7128,1.00E-04,0.7014,67.16,-7.70E-04,0.34523535,0,TRUE,0,0,0,0.048736963
1565839293807,885.731,0.136,1315.505,6.00E-04,-0.7129,1.00E-04,0.7013,67.17,-7.70E-04,0.34523535,0,TRUE,0,0,0,0.025466926
1565839293918,886.478,0.136,1315.518,6.00E-04,-0.7129,1.00E-04,0.7012,67.19,-7.70E-04,0.35317004,0,TRUE,0,0,0,0.050053235
1565839294043,887.224,0.136,1315.531,6.00E-04,-0.713,1.00E-04,0.7012,67.21,-6.90E-04,0.35317004,0,TRUE,0,0,0,0.044430178
1565839294197,887.971,0.136,1315.543,6.00E-04,-0.7131,1.00E-04,0.7011,67.23,-3.80E-04,0.35317004,0,TRUE,0,0,0,0.036078118
1565839294307,888.718,0.136,1315.556,7.00E-04,-0.7131,1.00E-04,0.701,67.25,-3.80E-04,0.35317004,0,TRUE,0,0,0,0.05048886
1565839294420,889.465,0.136,1315.569,7.00E-04,-0.7132,1.00E-04,0.701,67.27,-3.80E-04,0.35317004,0,TRUE,0,0,0,0.049148582
1565839294533,890.213,0.136,1315.582,7.00E-04,-0.7132,1.00E-04,0.7009,67.29,-3.80E-04,0.34523535,0,TRUE,0,0,0,0.049167216
1565839294687,890.961,0.136,1315.595,7.00E-04,-0.7133,1.00E-04,0.7009,67.3,-1.50E-04,0.341268,0,TRUE,0,0,0,0.018038673
1565839294852,891.708,0.136,1315.608,7.00E-04,-0.7133,1.00E-04,0.7009,67.32,8.30E-04,0.309514,0,TRUE,0,0,0,0.033659242
1565839294960,892.456,0.136,1315.622,7.00E-04,-0.7132,1.00E-04,0.7009,67.32,8.30E-04,0.309514,0,TRUE,0,0,0,0
1565839295082,893.204,0.136,1315.634,7.00E-04,-0.7132,0,0.701,67.32,8.30E-04,0.28967726,0,TRUE,0,0,0,0
1565839295192,893.952,0.136,1315.647,7.00E-04,-0.7131,0,0.7011,67.31,8.30E-04,0.28570992,0,TRUE,0,0,0,-0.025254143
1565839295314,894.7,0.136,1315.659,7.00E-04,-0.713,0,0.7012,67.29,8.30E-04,0.309514,0,TRUE,0,0,0,-0.04552376
1565839295438,895.447,0.136,1315.672,7.00E-04,-0.7129,0,0.7012,67.29,8.30E-04,0.341268,0,TRUE,0,0,0,0
1565839295547,896.195,0.136,1315.684,7.00E-04,-0.7128,0,0.7013,67.3,8.30E-04,0.34523535,0,TRUE,0,0,0,0.025486385
1565839295658,896.943,0.136,1315.696,7.00E-04,-0.7128,0,0.7014,67.31,8.30E-04,0.34523535,0,TRUE,0,0,0,0.025008013
1565839295767,897.691,0.136,1315.707,7.00E-04,-0.7127,0,0.7015,67.33,8.30E-04,0.34523535,0,TRUE,0,0,0,0.05097379
1565839295881,898.439,0.136,1315.719,7.00E-04,-0.7126,0,0.7016,67.34,8.30E-04,0.3492027,0,TRUE,0,0,0,0.024349973
1565839295998,899.187,0.136,1315.73,7.00E-04,-0.7125,0,0.7017,67.36,8.30E-04,0.34523535,0,TRUE,0,0,0,0.047488403
1565839296105,899.936,0.136,1315.742,7.00E-04,-0.7124,0,0.7017,67.38,8.30E-04,0.34523535,0,TRUE,0,0,0,0.051905748
1565839296220,900.685,0.136,1315.753,7.00E-04,-0.7124,0,0.7018,67.39,8.30E-04,0.33730066,0,TRUE,0,0,0,0.024157092
1565839296327,901.433,0.136,1315.763,7.00E-04,-0.7123,0,0.7019,67.41,8.30E-04,0.33730066,0,TRUE,0,0,0,0.05192764
1565839296435,902.182,0.136,1315.774,7.00E-04,-0.7122,0,0.702,67.42,8.30E-04,0.33730066,0,TRUE,0,0,0,0.025703209
1565839296548,902.932,0.136,1315.785,7.00E-04,-0.7121,0,0.7021,67.43,8.30E-04,0.33730066,0,TRUE,0,0,0,0.024584718
1565839296672,903.681,0.136,1315.795,7.00E-04,-0.712,0,0.7022,67.44,8.30E-04,0.341268,0,TRUE,0,0,0,0.02240422
1565839296783,904.43,0.136,1315.805,7.00E-04,-0.7119,0,0.7022,67.45,8.30E-04,0.341268,0,TRUE,0,0,0,0.025009047
1565839296893,905.18,0.136,1315.815,7.00E-04,-0.7119,0,0.7023,67.47,8.30E-04,0.341268,0,TRUE,0,0,0,0.050511457
1565839297007,905.93,0.136,1315.825,7.00E-04,-0.7118,0,0.7024,67.48,8.30E-04,0.3333333,0,TRUE,0,0,0,0.024369506
1565839297115,906.679,0.136,1315.835,7.00E-04,-0.7117,0,0.7025,67.49,8.30E-04,0.3333333,0,TRUE,0,0,0,0.025703741
1565839297230,907.429,0.136,1315.844,7.00E-04,-0.7116,0,0.7026,67.5,8.30E-04,0.32539862,0,TRUE,0,0,0,0.024157997
1565839297353,908.179,0.136,1315.853,7.00E-04,-0.7115,0,0.7027,67.51,8.30E-04,0.31348133,0,TRUE,0,0,0,0.022586746
1565839297462,908.929,0.136,1315.863,7.00E-04,-0.7114,0,0.7027,67.51,8.30E-04,0.31348133,0,TRUE,0,0,0,0
1565839297582,909.679,0.136,1315.872,7.00E-04,-0.7114,0,0.7028,67.51,8.30E-04,0.30554664,0,TRUE,0,0,0,0
1565839297693,910.429,0.136,1315.88,7.00E-04,-0.7113,0,0.7029,67.51,8.30E-04,0.30554664,0,TRUE,0,0,0,0
1565839297806,911.179,0.136,1315.889,7.00E-04,-0.7112,0,0.703,67.5,8.30E-04,0.30554664,0,TRUE,0,0,0,-0.024585571
1565839297916,911.929,0.136,1315.897,7.00E-04,-0.7111,0,0.7031,67.5,8.30E-04,0.30554664,0,TRUE,0,0,0,0
1565839298026,912.679,0.136,1315.906,7.00E-04,-0.711,0,0.7032,67.5,8.30E-04,0.309514,0,TRUE,0,0,0,0
1565839298172,913.429,0.136,1315.914,7.00E-04,-0.711,0,0.7032,67.49,0.00105,0.30554664,0,TRUE,0,0,0,-0.019028874
1565839298335,914.179,0.136,1315.921,7.00E-04,-0.7109,0,0.7033,67.49,0.00189,0.30554664,0,TRUE,0,0,0,0
1565839298446,914.929,0.136,1315.929,7.00E-04,-0.7107,0,0.7035,67.49,0.00189,0.30554664,0,TRUE,0,0,0,0
1565839298558,915.679,0.136,1315.936,7.00E-04,-0.7105,0,0.7037,67.48,0.00186,0.30554664,0,TRUE,0,0,0,-0.024786858
1565839298723,916.429,0.136,1315.943,7.00E-04,-0.7103,0,0.7039,67.48,0.0015,0.30554664,0,TRUE,0,0,0,0
1565839298855,917.179,0.136,1315.949,7.00E-04,-0.7102,0,0.704,67.47,0.00137,0.31744868,0,TRUE,0,0,0,-0.0210476
1565839299012,917.928,0.136,1315.955,7.00E-04,-0.71,0,0.7042,67.47,0.00102,0.31744868,0,TRUE,0,0,0,0
1565839299133,918.678,0.136,1315.961,7.00E-04,-0.7099,0,0.7043,67.48,9.40E-04,0.31744868,0,TRUE,0,0,0,0.022960987
1565839299248,919.428,0.136,1315.966,7.00E-04,-0.7098,0,0.7044,67.48,9.40E-04,0.32539862,0,TRUE,0,0,0,0
1565839299368,920.178,0.136,1315.972,7.00E-04,-0.7097,0,0.7045,67.48,9.40E-04,0.31348133,0,TRUE,0,0,0,0
1565839299485,920.927,0.136,1315.977,7.00E-04,-0.7096,0,0.7046,67.48,9.40E-04,0.309514,0,TRUE,0,0,0,0
1565839299597,921.677,0.136,1315.982,7.00E-04,-0.7095,0,0.7047,67.48,9.40E-04,0.31744868,0,TRUE,0,0,0,0
1565839299709,922.427,0.136,1315.987,7.00E-04,-0.7094,0,0.7048,67.48,9.40E-04,0.32936597,0,TRUE,0,0,0,0
1565839299825,923.177,0.136,1315.992,7.00E-04,-0.7093,0,0.7049,67.49,9.40E-04,0.341268,0,TRUE,0,0,0,0.023932697
1565839299940,923.927,0.136,1315.996,7.00E-04,-0.7092,0,0.705,67.5,9.40E-04,0.3492027,0,TRUE,0,0,0,0.024159402
1565839300056,924.677,0.136,1316,7.00E-04,-0.7092,0,0.7051,67.52,9.40E-04,0.35713738,0,TRUE,0,0,0,0.047883995
1565839300176,925.427,0.136,1316.004,7.00E-04,-0.7091,0,0.7052,67.54,9.40E-04,0.37697417,0,TRUE,0,0,0,0.046305522
1565839300291,926.178,0.136,1316.008,7.00E-04,-0.709,0,0.7052,67.57,9.40E-04,0.39284354,0,TRUE,0,0,0,0.07245979
1565839300415,926.929,0.136,1316.012,7.00E-04,-0.7089,0,0.7053,67.61,9.40E-04,0.41666287,0,TRUE,0,0,0,0.08960658
1565839300538,927.681,0.136,1316.015,7.00E-04,-0.7088,0,0.7054,67.65,9.40E-04,0.4364996,0,TRUE,0,0,0,0.090335555
1565839300657,928.433,0.136,1316.018,7.00E-04,-0.7087,0,0.7055,67.71,9.40E-04,0.45633632,0,TRUE,0,0,0,0.14004928
1565839300771,929.186,0.136,1316.021,7.00E-04,-0.7086,1.00E-04,0.7056,67.78,9.40E-04,0.46030366,0,TRUE,0,0,0,0.17056316
1565839300881,929.939,0.136,1316.024,7.00E-04,-0.7085,1.00E-04,0.7057,67.86,9.40E-04,0.46030366,0,TRUE,0,0,0,0.20202318
1565839300997,930.694,0.136,1316.027,7.00E-04,-0.7084,1.00E-04,0.7058,67.93,9.40E-04,0.464271,0,TRUE,0,0,0,0.16762254
1565839301107,931.449,0.136,1316.029,7.00E-04,-0.7083,1.00E-04,0.7059,68,9.40E-04,0.464271,0,TRUE,0,0,0,0.17676623
1565839301219,932.206,0.136,1316.032,7.00E-04,-0.7082,1.00E-04,0.706,68.08,9.40E-04,0.464271,0,TRUE,0,0,0,0.19841576
1565839301336,932.963,0.136,1316.034,7.00E-04,-0.7081,1.00E-04,0.7061,68.16,9.20E-04,0.46030366,0,TRUE,0,0,0,0.18993716
1565839301502,933.72,0.136,1316.035,7.00E-04,-0.708,1.00E-04,0.7062,68.23,8.00E-05,0.45236897,0,TRUE,0,0,0,0.11713461
1565839301665,934.479,0.136,1316.037,7.00E-04,-0.708,1.00E-04,0.7062,68.3,-7.30E-04,0.40872818,0,TRUE,0,0,0,0.11929016
1565839301833,935.238,0.136,1316.039,7.00E-04,-0.708,1.00E-04,0.7062,68.36,-2.80E-04,0.3888762,0,TRUE,0,0,0,0.099201985
1565839301995,935.998,0.136,1316.041,7.00E-04,-0.7081,1.00E-04,0.7061,68.4,0.00154,0.3888762,0,TRUE,0,0,0,0.06858842
1565839302159,936.759,0.136,1316.043,7.00E-04,-0.708,0,0.7062,68.43,0.0023,0.36903942,0,TRUE,0,0,0,0.050810777
1565839302274,937.519,0.136,1316.044,7.00E-04,-0.7078,0,0.7064,68.47,0.0023,0.35713738,0,TRUE,0,0,0,0.096620485
1565839302387,938.28,0.136,1316.045,8.00E-04,-0.7076,0,0.7066,68.49,0.0023,0.36903942,0,TRUE,0,0,0,0.049155906
1565839302502,939.041,0.136,1316.045,7.00E-04,-0.7074,0,0.7068,68.52,0.0023,0.3809415,0,TRUE,0,0,0,0.07246082
1565839302631,939.803,0.136,1316.045,7.00E-04,-0.7071,0,0.7071,68.55,0.0023,0.40872818,0,TRUE,0,0,0,0.06461328
1565839302745,940.565,0.136,1316.044,7.00E-04,-0.7069,0,0.7073,68.59,0.0023,0.4007935,0,TRUE,0,0,0,0.09744943
1565839302863,941.328,0.136,1316.043,7.00E-04,-0.7067,0,0.7075,68.64,0.0023,0.3809415,0,TRUE,0,0,0,0.11770955
1565839302976,942.091,0.136,1316.042,7.00E-04,-0.7064,0,0.7078,68.68,0.0023,0.36903942,0,TRUE,0,0,0,0.09833059
1565839303087,942.854,0.136,1316.039,7.00E-04,-0.7062,0,0.708,68.71,0.0023,0.36507207,0,TRUE,0,0,0,0.075071424
1565839303202,943.618,0.136,1316.037,7.00E-04,-0.706,0,0.7083,68.73,0.00229,0.36507207,0,TRUE,0,0,0,0.048319343
1565839303313,944.382,0.136,1316.033,7.00E-04,-0.7057,0,0.7085,68.76,0.00229,0.36110473,0,TRUE,0,0,0,0.075070985
1565839303420,945.146,0.136,1316.029,7.00E-04,-0.7055,0,0.7087,68.79,0.00229,0.36110473,0,TRUE,0,0,0,0.07787743
1565839303532,945.91,0.136,1316.025,7.00E-04,-0.7053,0,0.709,68.81,0.00229,0.36110473,0,TRUE,0,0,0,0.049594164
1565839303641,946.675,0.136,1316.02,7.00E-04,-0.705,0,0.7092,68.83,0.00229,0.36110473,0,TRUE,0,0,0,0.050978202
1565839303753,947.44,0.136,1316.015,7.00E-04,-0.7048,0,0.7094,68.86,0.00229,0.36110473,0,TRUE,0,0,0,0.07440015
1565839303866,948.205,0.136,1316.009,7.00E-04,-0.7045,0,0.7097,68.88,0.00229,0.36110473,0,TRUE,0,0,0,0.04915446
1565839303976,948.971,0.136,1316.003,7.00E-04,-0.7043,0,0.7099,68.91,0.00229,0.35713738,0,TRUE,0,0,0,0.07577145
1565839304088,949.737,0.136,1315.996,7.00E-04,-0.7041,0,0.7101,68.93,0.00229,0.35713738,0,TRUE,0,0,0,0.049592733
1565839304200,950.503,0.136,1315.989,7.00E-04,-0.7038,0,0.7104,68.96,0.00229,0.36110473,0,TRUE,0,0,0,0.07439867
1565839304312,951.269,0.136,1315.981,7.00E-04,-0.7036,0,0.7106,68.98,0.00229,0.36110473,0,TRUE,0,0,0,0.04961103
1565839304423,952.036,0.136,1315.973,7.00E-04,-0.7034,0,0.7108,69,0.00229,0.36110473,0,TRUE,0,0,0,0.05003898
1565839304532,952.803,0.136,1315.964,7.00E-04,-0.7031,0,0.7111,69.03,0.00229,0.36110473,0,TRUE,0,0,0,0.07644419
1565839304641,953.57,0.136,1315.954,7.00E-04,-0.7029,0,0.7113,69.05,0.00229,0.36110473,0,TRUE,0,0,0,0.05097495
1565839304751,954.337,0.136,1315.944,7.00E-04,-0.7027,0,0.7115,69.08,0.00229,0.36507207,0,TRUE,0,0,0,0.07574805
1565839304922,955.105,0.136,1315.934,7.00E-04,-0.7024,0,0.7118,69.1,0.00142,0.36507207,0,TRUE,0,0,0,0.032480422
1565839305084,955.873,0.136,1315.923,7.00E-04,-0.7022,0,0.712,69.13,-0.00112,0.36507207,0,TRUE,0,0,0,0.051432982
1565839305249,956.641,0.136,1315.913,7.00E-04,-0.7022,1.00E-04,0.712,69.16,-0.00264,0.36507207,0,TRUE,0,0,0,0.050511546
1565839305356,957.41,0.136,1315.903,6.00E-04,-0.7024,1.00E-04,0.7118,69.19,-0.00264,0.36507207,0,TRUE,0,0,0,0.07787185
1565839305472,958.179,0.136,1315.893,6.00E-04,-0.7026,2.00E-04,0.7115,69.21,-0.00264,0.36507207,0,TRUE,0,0,0,0.047880627
1565839305629,958.948,0.136,1315.884,6.00E-04,-0.7029,2.00E-04,0.7113,69.24,-0.00236,0.36507207,0,TRUE,0,0,0,0.053072836
1565839305793,959.718,0.136,1315.876,6.00E-04,-0.7032,1.00E-04,0.711,69.27,-0.00131,0.36507207,0,TRUE,0,0,0,0.05080816
1565839305906,960.487,0.136,1315.868,6.00E-04,-0.7034,1.00E-04,0.7108,69.29,-0.00134,0.36507207,0,TRUE,0,0,0,0.049172092
1565839306068,961.258,0.136,1315.861,6.00E-04,-0.7035,1.00E-04,0.7107,69.32,-0.00183,0.36507207,0,TRUE,0,0,0,0.051436074
1565839306224,962.028,0.136,1315.853,6.00E-04,-0.7037,1.00E-04,0.7105,69.35,-0.00213,0.36507207,0,TRUE,0,0,0,0.053413793
1565839306356,962.799,0.136,1315.847,6.00E-04,-0.7039,1.00E-04,0.7103,69.37,-0.00227,0.37697417,0,TRUE,0,0,0,0.04209527
1565839306472,963.57,0.136,1315.841,6.00E-04,-0.7041,1.00E-04,0.7101,69.41,-0.00227,0.3888762,0,TRUE,0,0,0,0.09578463
1565839306586,964.341,0.136,1315.835,6.00E-04,-0.7043,1.00E-04,0.7099,69.44,-0.00227,0.3888762,0,TRUE,0,0,0,0.07309425
1565839306696,965.113,0.136,1315.83,6.00E-04,-0.7046,1.00E-04,0.7096,69.48,-0.00227,0.39284354,0,TRUE,0,0,0,0.1010103
1565839306849,965.885,0.136,1315.825,6.00E-04,-0.7048,1.00E-04,0.7094,69.52,-0.00262,0.39682615,0,TRUE,0,0,0,0.072607934
1565839307010,966.658,0.136,1315.821,6.00E-04,-0.7051,2.00E-04,0.7091,69.57,-0.00307,0.39682615,0,TRUE,0,0,0,0.08627056
1565839307128,967.432,0.136,1315.817,6.00E-04,-0.7054,2.00E-04,0.7088,69.61,-0.00307,0.37300676,0,TRUE,0,0,0,0.09416284
1565839307249,968.205,0.136,1315.814,6.00E-04,-0.7057,2.00E-04,0.7085,69.64,-0.00303,0.35713738,0,TRUE,0,0,0,0.06886719
1565839307417,968.979,0.136,1315.812,6.00E-04,-0.706,2.00E-04,0.7082,69.67,-0.00237,0.30554664,0,TRUE,0,0,0,0.049601004
1565839307582,969.754,0.136,1315.811,6.00E-04,-0.7063,1.00E-04,0.7079,69.67,-0.00156,0,0,TRUE,0,0,0,0
1565839307701,970.527,0.136,1315.81,6.00E-04,-0.7065,1.00E-04,0.7077,69.6,-0.00148,0,0,TRUE,0,0,0,-0.16339786
1565839307811,971.3,0.136,1315.809,6.00E-04,-0.7067,1.00E-04,0.7076,69.5,-0.00148,0,0,TRUE,0,0,0,-0.25252116
1565839307921,972.071,0.136,1315.809,6.00E-04,-0.7068,1.00E-04,0.7074,69.39,-0.00148,0,0,TRUE,0,0,0,-0.27777934
1565839308027,972.842,0.136,1315.808,6.00E-04,-0.707,1.00E-04,0.7073,69.29,-0.00148,0,0,TRUE,0,0,0,-0.2620503
1565839308138,973.611,0.136,1315.809,6.00E-04,-0.7071,1.00E-04,0.7071,69.19,-0.00148,0,0,TRUE,0,0,0,-0.25024623
1565839308247,974.379,0.136,1315.809,6.00E-04,-0.7073,1.00E-04,0.707,69.09,-0.00148,0,0,TRUE,0,0,0,-0.25485757
1565839308355,975.146,0.136,1315.81,6.00E-04,-0.7074,1.00E-04,0.7068,68.99,-0.00148,0,0,TRUE,0,0,0,-0.25719747
1565839308463,975.912,0.136,1315.811,6.00E-04,-0.7076,1.00E-04,0.7067,68.89,-0.00148,0,0,TRUE,0,0,0,-0.25719753
1565839308571,976.677,0.136,1315.812,6.00E-04,-0.7077,1.00E-04,0.7065,68.79,-0.00148,0,0,TRUE,0,0,0,-0.25719753
1565839308684,977.441,0.136,1315.814,6.00E-04,-0.7078,1.00E-04,0.7064,68.69,-0.00148,0,0,TRUE,0,0,0,-0.2458165
1565839308789,978.203,0.136,1315.816,6.00E-04,-0.708,1.00E-04,0.7062,68.59,-0.00148,0,0,TRUE,0,0,0,-0.26456544
1565839308897,978.965,0.136,1315.819,6.00E-04,-0.7081,1.00E-04,0.7061,68.49,-0.00148,0,0,TRUE,0,0,0,-0.25719583
1565839309005,979.725,0.136,1315.822,6.00E-04,-0.7083,1.00E-04,0.7059,68.39,-0.00148,0,0,TRUE,0,0,0,-0.25719568
1565839309114,980.484,0.136,1315.825,6.00E-04,-0.7084,1.00E-04,0.7058,68.29,-0.00147,0,0,TRUE,0,0,0,-0.2548362
1565839309257,981.242,0.136,1315.828,6.00E-04,-0.7086,1.00E-04,0.7056,68.18,-0.00122,0,0,TRUE,0,0,0,-0.21367466
1565839309417,981.999,0.136,1315.831,6.00E-04,-0.7087,1.00E-04,0.7055,68.08,-1.60E-04,0,0,TRUE,0,0,0,-0.17360705
1565839309531,982.755,0.136,1315.835,6.00E-04,-0.7088,0,0.7054,67.98,-1.50E-04,0,0,TRUE,0,0,0,-0.24365774
1565839309638,983.51,0.136,1315.839,6.00E-04,-0.7088,0,0.7054,67.88,-1.50E-04,0,0,TRUE,0,0,0,-0.25961757
1565839309749,984.263,0.136,1315.843,6.00E-04,-0.7088,0,0.7054,67.78,-1.50E-04,0,0,TRUE,0,0,0,-0.25024286
1565839309857,985.016,0.136,1315.847,6.00E-04,-0.7088,0,0.7054,67.68,-1.50E-04,0,0,TRUE,0,0,0,-0.25719404
1565839309967,985.767,0.136,1315.851,6.00E-04,-0.7088,0,0.7054,67.58,-1.50E-04,0,0,TRUE,0,0,0,-0.25251803
1565839310078,986.517,0.136,1315.855,6.00E-04,-0.7089,0,0.7053,67.48,-1.50E-04,0,0,TRUE,0,0,0,-0.25024283
1565839310186,987.267,0.136,1315.859,6.00E-04,-0.7089,0,0.7053,67.38,-1.50E-04,0,0,TRUE,0,0,0,-0.25721365
1565839310293,988.015,0.136,1315.862,6.00E-04,-0.7089,0,0.7053,67.28,-1.50E-04,0,0,TRUE,0,0,0,-0.25959927
1565839310450,988.761,0.136,1315.866,6.00E-04,-0.7089,0,0.7053,67.18,-1.50E-04,0,0.10316622,TRUE,0,0,0,-0.1769234
1565839310614,989.506,0.136,1315.87,6.00E-04,-0.7089,0,0.7053,66.91,-1.50E-04,0,0.23808652,TRUE,0,0,0,-0.45730472
1565839310749,990.246,0.136,1315.874,5.00E-04,-0.7089,-1.00E-04,0.7053,66.36,-1.50E-04,0,0.2936446,TRUE,0,0,0,-1.1316768
1565839310878,990.979,0.136,1315.878,4.00E-04,-0.7089,-2.00E-04,0.7053,65.64,-1.50E-04,0,0.28174257,TRUE,0,0,0,-1.5503669
1565839311028,991.703,0.136,1315.882,4.00E-04,-0.7089,-2.00E-04,0.7053,64.92,-1.50E-04,0,0.1825437,TRUE,0,0,0,-1.3333162
1565839311158,992.42,0.136,1315.886,4.00E-04,-0.7089,-2.00E-04,0.7053,64.36,-1.50E-04,0,0.20238042,TRUE,0,0,0,-1.1965569
1565839311273,993.132,0.136,1315.889,4.00E-04,-0.7089,-2.00E-04,0.7053,63.83,-1.50E-04,0,0.20238042,TRUE,0,0,0,-1.2801788
1565839311387,993.837,0.136,1315.893,4.00E-04,-0.7089,-2.00E-04,0.7053,63.29,-1.50E-04,0,0.19841307,TRUE,0,0,0,-1.3157716
1565839311516,994.537,0.136,1315.896,4.00E-04,-0.7089,-2.00E-04,0.7053,62.75,-1.50E-04,0,0.16665906,TRUE,0,0,0,-1.1627816
1565839311670,995.231,0.136,1315.9,5.00E-04,-0.7089,-1.00E-04,0.7053,62.26,-1.50E-04,0,0.0833295,TRUE,0,0,0,-0.88382655
1565839311817,995.92,0.136,1315.903,5.00E-04,-0.7089,-1.00E-04,0.7053,61.93,-1.50E-04,0,0,TRUE,0,0,0,-0.62357336
1565839311924,996.607,0.136,1315.907,6.00E-04,-0.7089,0,0.7053,61.79,-1.50E-04,0,0,TRUE,0,0,0,-0.3634397
1565839312033,997.293,0.136,1315.91,6.00E-04,-0.7089,0,0.7053,61.69,-1.50E-04,0,0,TRUE,0,0,0,-0.2548453
1565839312146,997.978,0.136,1315.913,6.00E-04,-0.7089,0,0.7053,61.59,-1.50E-04,0,0,TRUE,0,0,0,-0.24581505
1565839312257,998.661,0.136,1315.917,6.00E-04,-0.7089,0,0.7053,61.49,-1.50E-04,0,0,TRUE,0,0,0,-0.25024208
1565839312375,999.344,0.136,1315.92,6.00E-04,-0.7089,0,0.7053,61.39,-1.50E-04,0,0,TRUE,0,0,0,-0.23540793
1565839312486,1000.025,0.136,1315.924,6.00E-04,-0.709,0,0.7053,61.28,-1.50E-04,0,0,TRUE,0,0,0,-0.27527228
1565839312649,1000.706,0.136,1315.927,6.00E-04,-0.709,0,0.7052,61.18,4.70E-04,0,0,TRUE,0,0,0,-0.1704115
1565839312813,1001.385,0.136,1315.93,6.00E-04,-0.709,0,0.7053,61.08,0.00234,0,0,TRUE,0,0,0,-0.16937241
1565839312978,1002.063,0.136,1315.934,7.00E-04,-0.7088,0,0.7054,60.98,0.00348,0,0,TRUE,0,0,0,-0.16835123
1565839313111,1002.74,0.136,1315.936,7.00E-04,-0.7086,-1.00E-04,0.7056,60.88,0.0037,0,0,TRUE,0,0,0,-0.20885132
1565839313220,1003.415,0.136,1315.938,7.00E-04,-0.7083,-1.00E-04,0.7059,60.78,0.0037,0,0,TRUE,0,0,0,-0.25484678
1565839313330,1004.09,0.136,1315.939,7.00E-04,-0.7079,-1.00E-04,0.7063,60.68,0.00367,0,0,TRUE,0,0,0,-0.25252116
1565839313489,1004.764,0.136,1315.939,7.00E-04,-0.7076,-1.00E-04,0.7066,60.58,0.00336,0,0,TRUE,0,0,0,-0.17470033
1565839313655,1005.436,0.136,1315.939,7.00E-04,-0.7073,-1.00E-04,0.7069,60.48,0.00234,0,0,TRUE,0,0,0,-0.16733985
1565839313801,1006.108,0.136,1315.939,7.00E-04,-0.707,0,0.7072,60.38,0.00216,0,0,TRUE,0,0,0,-0.19025585
1565839313922,1006.778,0.136,1315.938,7.00E-04,-0.7068,0,0.7074,60.28,0.00207,0,0,TRUE,0,0,0,-0.22957344
1565839314084,1007.447,0.136,1315.936,7.00E-04,-0.7066,0,0.7076,60.18,0.00142,0,0,TRUE,0,0,0,-0.17146443
1565839314204,1008.115,0.136,1315.935,7.00E-04,-0.7064,0,0.7078,60.07,0.00133,0,0,TRUE,0,0,0,-0.25463077
1565839314320,1008.782,0.136,1315.933,6.00E-04,-0.7063,0,0.7079,59.97,0.00132,0,0,TRUE,0,0,0,-0.2394588
1565839314459,1009.447,0.136,1315.931,6.00E-04,-0.7062,0,0.708,59.87,0.00114,0,0,TRUE,0,0,0,-0.19984387
1565839314589,1010.112,0.136,1315.93,6.00E-04,-0.7061,0,0.7081,59.77,0.001,0,0,TRUE,0,0,0,-0.21367173
1565839314699,1010.775,0.136,1315.927,6.00E-04,-0.706,0,0.7082,59.67,0.001,0,0,TRUE,0,0,0,-0.25252837
1565839314812,1011.438,0.136,1315.925,6.00E-04,-0.7059,0,0.7083,59.57,0.001,0,0,TRUE,0,0,0,-0.24581625
1565839314922,1012.099,0.136,1315.922,6.00E-04,-0.7058,0,0.7084,59.47,0.001,0,0,TRUE,0,0,0,-0.25251874
1565839315032,1012.759,0.136,1315.919,6.00E-04,-0.7057,0,0.7085,59.37,0.001,0,0,TRUE,0,0,0,-0.25252834
1565839315143,1013.418,0.136,1315.916,6.00E-04,-0.7056,0,0.7086,59.27,0.001,0,0,TRUE,0,0,0,-0.25024396
1565839315256,1014.076,0.136,1315.913,6.00E-04,-0.7055,0,0.7087,59.17,0.001,0,0,TRUE,0,0,0,-0.24582401
1565839315364,1014.733,0.136,1315.91,6.00E-04,-0.7054,0,0.7088,59.07,0.001,0,0,TRUE,0,0,0,-0.25719517
1565839315477,1015.389,0.136,1315.907,6.00E-04,-0.7053,0,0.7089,58.97,0.001,0,0,TRUE,0,0,0,-0.24581465
1565839315602,1016.043,0.136,1315.903,6.00E-04,-0.7052,0,0.709,58.87,9.30E-04,0,0,TRUE,0,0,0,-0.2222231
1565839315725,1016.697,0.136,1315.899,6.00E-04,-0.7052,0,0.7091,58.76,8.50E-04,0,0,TRUE,0,0,0,-0.24841608
1565839315834,1017.349,0.136,1315.895,6.00E-04,-0.7051,0,0.7091,58.66,8.50E-04,0,0,TRUE,0,0,0,-0.25483325
1565839315943,1018,0.136,1315.891,6.00E-04,-0.705,0,0.7092,58.56,8.50E-04,0,0,TRUE,0,0,0,-0.25483325
1565839316058,1018.65,0.136,1315.887,6.00E-04,-0.7049,0,0.7093,58.46,8.50E-04,0,0,TRUE,0,0,0,-0.24154681
1565839316168,1019.299,0.136,1315.883,6.00E-04,-0.7048,0,0.7094,58.36,8.50E-04,0,0,TRUE,0,0,0,-0.25251687
1565839316284,1019.947,0.136,1315.879,6.00E-04,-0.7048,0,0.7094,58.26,8.50E-04,0,0,TRUE,0,0,0,-0.23946448
1565839316397,1020.593,0.136,1315.874,6.00E-04,-0.7047,0,0.7095,58.16,8.50E-04,0,0,TRUE,0,0,0,-0.24580994
1565839316507,1021.239,0.136,1315.87,6.00E-04,-0.7046,0,0.7096,58.06,8.50E-04,0,0,TRUE,0,0,0,-0.2525165
1565839316625,1021.883,0.136,1315.865,6.00E-04,-0.7045,0,0.7097,57.96,8.30E-04,0,0,TRUE,0,0,0,-0.2354032
1565839316784,1022.527,0.136,1315.86,6.00E-04,-0.7045,0,0.7097,57.86,4.80E-04,0,0,TRUE,0,0,0,-0.17469506
1565839316898,1023.169,0.136,1315.855,6.00E-04,-0.7044,0,0.7098,57.76,4.80E-04,0,0,TRUE,0,0,0,-0.24366292
1565839317010,1023.81,0.136,1315.85,6.00E-04,-0.7044,0,0.7098,57.66,4.80E-04,0,0,TRUE,0,0,0,-0.24800457
1565839317124,1024.45,0.136,1315.845,6.00E-04,-0.7043,0,0.7099,57.56,4.80E-04,0,0,TRUE,0,0,0,-0.24365357
1565839317236,1025.089,0.136,1315.84,6.00E-04,-0.7043,0,0.7099,57.45,4.80E-04,0,0,TRUE,0,0,0,-0.27281064
1565839317345,1025.726,0.136,1315.834,6.00E-04,-0.7042,0,0.71,57.35,4.80E-04,0,0,TRUE,0,0,0,-0.2548366
1565839317456,1026.363,0.136,1315.829,6.00E-04,-0.7042,0,0.71,57.25,4.80E-04,0,0,TRUE,0,0,0,-0.25023875
1565839317565,1026.998,0.136,1315.824,6.00E-04,-0.7041,0,0.7101,57.15,4.80E-04,0,0,TRUE,0,0,0,-0.25483018
1565839317679,1027.633,0.136,1315.818,6.00E-04,-0.7041,0,0.7101,57.05,4.80E-04,0,0,TRUE,0,0,0,-0.24365953
1565839317790,1028.266,0.136,1315.813,6.00E-04,-0.704,0,0.7102,56.95,4.80E-04,0,0,TRUE,0,0,0,-0.2502386
1565839317902,1028.898,0.136,1315.807,6.00E-04,-0.704,0,0.7102,56.85,4.80E-04,0,0,TRUE,0,0,0,-0.24801046
1565839318012,1029.529,0.136,1315.801,6.00E-04,-0.704,0,0.7102,56.75,4.80E-04,0,0,TRUE,0,0,0,-0.2525101
1565839318119,1030.159,0.136,1315.796,6.00E-04,-0.7039,0,0.7103,56.65,4.80E-04,0,0,TRUE,0,0,0,-0.25959328
1565839318236,1030.788,0.136,1315.79,6.00E-04,-0.7039,0,0.7103,56.55,4.80E-04,0,0,TRUE,0,0,0,-0.23741162
1565839318347,1031.415,0.136,1315.784,6.00E-04,-0.7038,0,0.7104,56.45,4.80E-04,0,0,TRUE,0,0,0,-0.25023505
1565839318459,1032.042,0.136,1315.778,6.00E-04,-0.7038,0,0.7104,56.35,4.80E-04,0,0,TRUE,0,0,0,-0.24800982
1565839318576,1032.667,0.136,1315.772,6.00E-04,-0.7037,0,0.7105,56.24,4.80E-04,0,0,TRUE,0,0,0,-0.26113904
1565839318701,1033.292,0.136,1315.766,6.00E-04,-0.7037,0,0.7105,56.14,4.80E-04,0,0,TRUE,0,0,0,-0.22221714
1565839318841,1033.915,0.136,1315.76,6.00E-04,-0.7037,0,0.7105,56.04,4.80E-04,0,0,TRUE,0,0,0,-0.19840056
1565839318962,1034.537,0.136,1315.754,6.00E-04,-0.7036,0,0.7106,55.94,4.80E-04,0,0,TRUE,0,0,0,-0.22956309
1565839319080,1035.158,0.136,1315.747,6.00E-04,-0.7036,0,0.7106,55.84,4.80E-04,0,0,TRUE,0,0,0,-0.23538603
1565839319200,1035.777,0.136,1315.741,6.00E-04,-0.7035,0,0.7107,55.74,4.80E-04,0,0,TRUE,0,0,0,-0.23146717
1565839319323,1036.396,0.136,1315.735,6.00E-04,-0.7035,0,0.7107,55.64,4.80E-04,0,0,TRUE,0,0,0,-0.22583026
1565839319437,1037.014,0.136,1315.728,6.00E-04,-0.7034,0,0.7108,55.54,4.80E-04,0,0,TRUE,0,0,0,-0.24364556
1565839319565,1037.63,0.136,1315.722,6.00E-04,-0.7034,0,0.7108,55.44,4.80E-04,0,0,TRUE,0,0,0,-0.21700864
1565839319692,1038.245,0.136,1315.716,6.00E-04,-0.7034,0,0.7108,55.34,4.80E-04,0,0,TRUE,0,0,0,-0.21870856
1565839319839,1038.86,0.136,1315.709,6.00E-04,-0.7033,0,0.7109,55.24,4.80E-04,0,0,TRUE,0,0,0,-0.18894951
1565839319980,1039.473,0.136,1315.702,6.00E-04,-0.7033,0,0.7109,55.14,4.80E-04,0,0,TRUE,0,0,0,-0.19699736
1565839320105,1040.085,0.136,1315.695,6.00E-04,-0.7032,0,0.711,55.04,4.80E-04,0,0,TRUE,0,0,0,-0.22220397
1565839320259,1040.695,0.136,1315.688,6.00E-04,-0.7032,0,0.711,54.93,4.80E-04,0,0,TRUE,0,0,0,-0.1984009
1565839320394,1041.305,0.136,1315.681,6.00E-04,-0.7031,0,0.711,54.83,4.80E-04,0,0,TRUE,0,0,0,-0.20574482
1565839320527,1041.914,0.136,1315.675,6.00E-04,-0.7031,0,0.7111,54.73,4.80E-04,0,0,TRUE,0,0,0,-0.20885019
1565839320661,1042.521,0.136,1315.668,6.00E-04,-0.7031,0,0.7111,54.63,4.80E-04,0,0,TRUE,0,0,0,-0.20727961
1565839320799,1043.127,0.136,1315.661,6.00E-04,-0.703,0,0.7112,54.53,4.80E-04,0,0,TRUE,0,0,0,-0.2012796
1565839320927,1043.733,0.136,1315.653,6.00E-04,-0.703,0,0.7112,54.43,4.80E-04,0,0,TRUE,0,0,0,-0.21699142
1565839321067,1044.337,0.136,1315.646,6.00E-04,-0.7029,0,0.7113,54.33,4.80E-04,0,0,TRUE,0,0,0,-0.19839653
1565839321199,1044.94,0.136,1315.639,6.00E-04,-0.7029,0,0.7113,54.23,4.80E-04,0,0,TRUE,0,0,0,-0.21042854
1565839321313,1045.542,0.136,1315.631,6.00E-04,-0.7028,0,0.7113,54.13,4.80E-04,0,0,TRUE,0,0,0,-0.24363919
1565839321424,1046.142,0.136,1315.624,6.00E-04,-0.7028,0,0.7114,54.03,4.80E-04,0,0,TRUE,0,0,0,-0.25023916
1565839321533,1046.742,0.136,1315.617,6.00E-04,-0.7028,0,0.7114,53.93,4.80E-04,0,0,TRUE,0,0,0,-0.25482035
1565839321647,1047.34,0.136,1315.609,6.00E-04,-0.7027,0,0.7115,53.83,4.80E-04,0,0,TRUE,0,0,0,-0.24363956
1565839321755,1047.938,0.136,1315.602,6.00E-04,-0.7027,0,0.7115,53.72,4.80E-04,0,0,TRUE,0,0,0,-0.2829042
1565839321869,1048.534,0.136,1315.594,6.00E-04,-0.7026,0,0.7115,53.62,4.80E-04,0,0,TRUE,0,0,0,-0.24364807
1565839321981,1049.129,0.136,1315.587,6.00E-04,-0.7026,0,0.7116,53.52,4.80E-04,0,0,TRUE,0,0,0,-0.24799517
1565839322091,1049.723,0.136,1315.579,6.00E-04,-0.7026,0,0.7116,53.42,4.80E-04,0,0,TRUE,0,0,0,-0.2525078
1565839322222,1050.316,0.136,1315.571,6.00E-04,-0.7025,0,0.7117,53.32,4.80E-04,0,0,TRUE,0,0,0,-0.2120219
1565839322384,1050.908,0.136,1315.563,6.00E-04,-0.7025,0,0.7117,53.22,4.80E-04,0,0.1706264,TRUE,0,0,0,-0.17144929
1565839322517,1051.497,0.136,1315.555,6.00E-04,-0.7024,0,0.7118,52.84,4.80E-04,0,0.21428245,TRUE,0,0,0,-0.79358107
1565839322640,1052.08,0.136,1315.548,5.00E-04,-0.7024,-1.00E-04,0.7118,52.29,4.80E-04,0,0.18651104,TRUE,0,0,0,-1.2420026
1565839322794,1052.658,0.136,1315.54,4.00E-04,-0.7023,-2.00E-04,0.7119,51.77,4.80E-04,0,0.09523153,TRUE,0,0,0,-0.93786347
1565839322938,1053.23,0.136,1315.532,5.00E-04,-0.7023,-2.00E-04,0.7119,51.41,4.80E-04,0,0,TRUE,0,0,0,-0.6943767
1565839323065,1053.8,0.136,1315.524,5.00E-04,-0.7022,-1.00E-04,0.712,51.25,4.80E-04,0,0,TRUE,0,0,0,-0.34992206
1565839323180,1054.369,0.136,1315.516,6.00E-04,-0.7022,0,0.712,51.15,4.80E-04,0,0,TRUE,0,0,0,-0.241518
1565839323291,1054.936,0.136,1315.508,6.00E-04,-0.7021,0,0.712,51.05,4.80E-04,0,0,TRUE,0,0,0,-0.25023147
1565839323402,1055.503,0.136,1315.501,6.00E-04,-0.7021,0,0.7121,50.95,4.80E-04,0,0,TRUE,0,0,0,-0.25022694
1565839323512,1056.068,0.136,1315.492,6.00E-04,-0.7021,0,0.7121,50.85,4.80E-04,0,0,TRUE,0,0,0,-0.25249878
1565839323625,1056.633,0.136,1315.484,6.00E-04,-0.702,0,0.7121,50.75,4.80E-04,0,0,TRUE,0,0,0,-0.24579309
1565839323734,1057.196,0.136,1315.476,6.00E-04,-0.702,0,0.7122,50.65,4.80E-04,0,0,TRUE,0,0,0,-0.25481203
1565839323842,1057.758,0.136,1315.467,6.00E-04,-0.7019,0,0.7122,50.55,4.80E-04,0,0,TRUE,0,0,0,-0.2571752
1565839323952,1058.319,0.136,1315.459,6.00E-04,-0.7019,0,0.7123,50.45,4.80E-04,0,0,TRUE,0,0,0,-0.2524954
1565839324067,1058.879,0.136,1315.451,6.00E-04,-0.7019,0,0.7123,50.35,4.80E-04,0,0,TRUE,0,0,0,-0.24152718
1565839324209,1059.438,0.136,1315.442,6.00E-04,-0.7018,0,0.7123,50.25,4.80E-04,0,0.071427494,TRUE,0,0,0,-0.19558966
1565839324376,1059.994,0.136,1315.434,6.00E-04,-0.7018,0,0.7124,50.03,4.80E-04,0,0.309514,TRUE,0,0,0,-0.36589843
1565839324547,1060.546,0.136,1315.426,5.00E-04,-0.7017,-1.00E-04,0.7124,49.38,4.80E-04,0,0.44840163,TRUE,0,0,0,-1.0557678
1565839324711,1061.088,0.136,1315.418,4.00E-04,-0.7017,-3.00E-04,0.7125,48.37,4.80E-04,0,0.54688334,TRUE,0,0,0,-1.7105192
1565839324850,1061.617,0.136,1315.409,2.00E-04,-0.7016,-4.00E-04,0.7126,47.13,4.80E-04,0,0.6171969,TRUE,0,0,0,-2.4776618
1565839324984,1062.131,0.136,1315.401,1.00E-04,-0.7015,-5.00E-04,0.7126,45.71,4.80E-04,0,0.6523537,TRUE,0,0,0,-2.943258
1565839325097,1062.629,0.136,1315.393,1.00E-04,-0.7015,-6.00E-04,0.7127,44.2,4.80E-04,0,0.6601663,TRUE,0,0,0,-3.7114084
1565839325217,1063.109,0.136,1315.386,0,-0.7014,-6.00E-04,0.7128,42.66,4.80E-04,0,0.63672847,TRUE,0,0,0,-3.5644426
1565839325360,1063.573,0.136,1315.378,0,-0.7013,-6.00E-04,0.7129,41.15,4.80E-04,0,0.58594644,TRUE,0,0,0,-2.932746
1565839325517,1064.02,0.136,1315.371,1.00E-04,-0.7012,-6.00E-04,0.7129,39.73,4.80E-04,0,0.50391394,TRUE,0,0,0,-2.5120738
1565839325647,1064.452,0.136,1315.363,1.00E-04,-0.7012,-5.00E-04,0.713,38.48,4.80E-04,0,0.5273518,TRUE,0,0,0,-2.6704898
1565839325785,1064.872,0.136,1315.356,2.00E-04,-0.7011,-5.00E-04,0.7131,37.24,4.80E-04,0,0.58985275,TRUE,0,0,0,-2.495615
1565839325904,1065.276,0.136,1315.349,2.00E-04,-0.701,-5.00E-04,0.7131,35.88,4.80E-04,0,0.6015717,TRUE,0,0,0,-3.1741343
1565839326040,1065.664,0.136,1315.343,1.00E-04,-0.701,-5.00E-04,0.7132,34.46,4.80E-04,0,0.55469596,TRUE,0,0,0,-2.899986
1565839326204,1066.038,0.136,1315.336,1.00E-04,-0.7009,-5.00E-04,0.7132,33.12,-2.00E-05,0,0.41666287,TRUE,0,0,0,-2.2692554
1565839326370,1066.398,0.136,1315.33,2.00E-04,-0.7009,-5.00E-04,0.7133,32.03,-0.00127,0,0.3809415,TRUE,0,0,0,-1.8237007
1565839326536,1066.747,0.136,1315.324,2.00E-04,-0.7009,-4.00E-04,0.7133,31.08,-0.002,0,0.3809415,TRUE,0,0,0,-1.5894567
1565839326702,1067.086,0.136,1315.318,3.00E-04,-0.7009,-3.00E-04,0.7133,30.14,-0.00267,0,0.39284354,TRUE,0,0,0,-1.5727146
1565839326868,1067.414,0.136,1315.313,3.00E-04,-0.701,-3.00E-04,0.7132,29.18,-0.00317,0,0.43253225,TRUE,0,0,0,-1.606237
1565839327030,1067.732,0.136,1315.308,3.00E-04,-0.7011,-3.00E-04,0.7131,28.16,-0.004,0,0.4007935,TRUE,0,0,0,-1.7487557
1565839327199,1068.038,0.136,1315.303,2.00E-04,-0.7012,-3.00E-04,0.713,27.16,-0.0072,0,0.14285499,TRUE,0,0,0,-1.6434355
1565839327365,1068.335,0.136,1315.299,3.00E-04,-0.7014,-2.00E-04,0.7128,26.6,-0.01092,0,0,TRUE,0,0,0,-0.9369945
1565839327535,1068.629,0.136,1315.295,4.00E-04,-0.7017,0,0.7125,26.43,-0.01356,0,0,TRUE,0,0,0,-0.2777534
1565839327696,1068.922,0.136,1315.292,5.00E-04,-0.7022,1.00E-04,0.712,26.32,-0.01599,0,0,TRUE,0,0,0,-0.18977682
1565839327858,1069.214,0.136,1315.29,5.00E-04,-0.7028,1.00E-04,0.7114,26.22,-0.02093,0,0,TRUE,0,0,0,-0.17146459
1565839328024,1069.505,0.136,1315.289,5.00E-04,-0.7035,2.00E-04,0.7107,26.12,-0.026,0,0,TRUE,0,0,0,-0.16733226
1565839328188,1069.794,0.136,1315.289,5.00E-04,-0.7044,2.00E-04,0.7098,26.02,-0.02961,0,0,TRUE,0,0,0,-0.16937734
1565839328349,1070.083,0.136,1315.291,4.00E-04,-0.7054,2.00E-04,0.7088,25.92,-0.03263,0,0,TRUE,0,0,0,-0.172529
1565839328514,1070.37,0.136,1315.293,4.00E-04,-0.7066,2.00E-04,0.7076,25.82,-0.03448,0,0,TRUE,0,0,0,-0.16834693
1565839328676,1070.656,0.136,1315.297,4.00E-04,-0.7079,2.00E-04,0.7063,25.71,-0.03603,0,0,TRUE,0,0,0,-0.18859686
1565839328843,1070.941,0.136,1315.303,4.00E-04,-0.7092,2.00E-04,0.705,25.61,-0.03788,0,0,TRUE,0,0,0,-0.16629484
1565839329003,1071.225,0.136,1315.309,4.00E-04,-0.7106,2.00E-04,0.7036,25.51,-0.04094,0,0,TRUE,0,0,0,-0.17357327
1565839329166,1071.508,0.136,1315.317,4.00E-04,-0.7121,2.00E-04,0.7021,25.41,-0.04382,0,0,TRUE,0,0,0,-0.17034748
1565839329329,1071.789,0.136,1315.326,4.00E-04,-0.7136,2.00E-04,0.7005,25.31,-0.04653,0,0,TRUE,0,0,0,-0.17032838
1565839329490,1072.07,0.136,1315.337,4.00E-04,-0.7153,2.00E-04,0.6988,25.21,-0.04954,0,0,TRUE,0,0,0,-0.17240171
1565839329655,1072.349,0.136,1315.35,4.00E-04,-0.7171,3.00E-04,0.697,25.1,-0.05414,0,0,TRUE,0,0,0,-0.18498424
1565839329821,1072.627,0.136,1315.365,3.00E-04,-0.719,3.00E-04,0.6951,25,-0.06219,0,0,TRUE,0,0,0,-0.16709302
1565839329985,1072.903,0.136,1315.381,3.00E-04,-0.721,3.00E-04,0.6929,24.9,-0.07109,0,0,TRUE,0,0,0,-0.16909377
1565839330147,1073.179,0.136,1315.401,2.00E-04,-0.7234,4.00E-04,0.6904,24.79,-0.0776,0,0,TRUE,0,0,0,-0.18811812
1565839330310,1073.453,0.136,1315.423,2.00E-04,-0.7261,4.00E-04,0.6876,24.69,-0.08465,0,0,TRUE,0,0,0,-0.16987132
1565839330476,1073.725,0.136,1315.448,2.00E-04,-0.7289,4.00E-04,0.6846,24.58,-0.09214,0,0,TRUE,0,0,0,-0.18329638
1565839330636,1073.996,0.136,1315.476,1.00E-04,-0.732,5.00E-04,0.6813,24.47,-0.09821,0,0,TRUE,0,0,0,-0.18996528
1565839330804,1074.265,0.136,1315.507,1.00E-04,-0.7353,5.00E-04,0.6777,24.37,-0.10201,0,0,TRUE,0,0,0,-0.16425422
1565839330971,1074.533,0.136,1315.541,1.00E-04,-0.7388,5.00E-04,0.674,24.26,-0.10497,0,0,TRUE,0,0,0,-0.18150806
1565839331133,1074.8,0.136,1315.579,1.00E-04,-0.7423,5.00E-04,0.6701,24.16,-0.10802,0,0,TRUE,0,0,0,-0.16976209
1565839331302,1075.064,0.136,1315.619,1.00E-04,-0.7459,5.00E-04,0.666,24.05,-0.11128,0,0,TRUE,0,0,0,-0.17875764
1565839331467,1075.327,0.136,1315.663,1.00E-04,-0.7496,5.00E-04,0.6619,23.95,-0.11429,0,0,TRUE,0,0,0,-0.16604662
1565839331631,1075.589,0.136,1315.709,1.00E-04,-0.7533,5.00E-04,0.6576,23.84,-0.11588,0,0,TRUE,0,0,0,-0.18350525
1565839331792,1075.848,0.136,1315.759,1.00E-04,-0.7571,5.00E-04,0.6533,23.74,-0.11707,0,0,TRUE,0,0,0,-0.16940042
1565839331952,1076.106,0.136,1315.811,1.00E-04,-0.7609,5.00E-04,0.6489,23.64,-0.11916,0,0,TRUE,0,0,0,-0.17018747
1565839332118,1076.362,0.136,1315.867,1.00E-04,-0.7647,5.00E-04,0.6444,23.53,-0.12192,0,0,TRUE,0,0,0,-0.17983225
1565839332280,1076.616,0.136,1315.925,1.00E-04,-0.7685,5.00E-04,0.6398,23.43,-0.12463,0,0,TRUE,0,0,0,-0.16714747
1565839332445,1076.868,0.136,1315.987,1.00E-04,-0.7724,5.00E-04,0.6351,23.32,-0.12659,0,0,TRUE,0,0,0,-0.1798248
1565839332609,1077.119,0.136,1316.051,1.00E-04,-0.7763,5.00E-04,0.6304,23.22,-0.12749,0,0,TRUE,0,0,0,-0.1641306
1565839332751,1077.367,0.136,1316.119,1.00E-04,-0.7802,5.00E-04,0.6255,23.11,-0.12775,0,0,TRUE,0,0,0,-0.20751502
1565839332858,1077.613,0.136,1316.189,1.00E-04,-0.7841,5.00E-04,0.6207,23.01,-0.12775,0,0,TRUE,0,0,0,-0.24971569
1565839332967,1077.858,0.136,1316.263,1.00E-04,-0.7879,5.00E-04,0.6158,22.91,-0.12775,0,0,TRUE,0,0,0,-0.24396443
1565839333074,1078.1,0.136,1316.338,1.00E-04,-0.7917,5.00E-04,0.6109,22.8,-0.12775,0,0,TRUE,0,0,0,-0.27273932
1565839333182,1078.34,0.136,1316.417,1.00E-04,-0.7954,5.00E-04,0.6061,22.7,-0.12776,0,0,TRUE,0,0,0,-0.24430808
1565839333346,1078.578,0.136,1316.498,1.00E-04,-0.7991,5.00E-04,0.6012,22.6,-0.12889,0,0,TRUE,0,0,0,-0.16033678
1565839333507,1078.814,0.136,1316.582,1.00E-04,-0.8028,5.00E-04,0.5963,22.49,-0.13248,0,0,TRUE,0,0,0,-0.17879942
1565839333669,1079.048,0.136,1316.668,1.00E-04,-0.8064,5.00E-04,0.5913,22.39,-0.13502,0,0,TRUE,0,0,0,-0.16095777
1565839333834,1079.28,0.136,1316.757,1.00E-04,-0.8101,5.00E-04,0.5862,22.28,-0.13735,0,0,TRUE,0,0,0,-0.1729053
1565839333997,1079.509,0.136,1316.849,0,-0.8139,5.00E-04,0.5811,22.18,-0.14015,0,0,TRUE,0,0,0,-0.15812287
1565839334164,1079.736,0.136,1316.944,0,-0.8176,5.00E-04,0.5758,22.07,-0.14315,0,0,TRUE,0,0,0,-0.16878358
1565839334323,1079.96,0.136,1317.041,0,-0.8214,5.00E-04,0.5704,21.97,-0.14719,0,0,TRUE,0,0,0,-0.16030565
1565839334488,1080.182,0.136,1317.141,0,-0.8252,5.00E-04,0.5649,21.86,-0.15207,0,0,TRUE,0,0,0,-0.16885673
1565839334660,1080.401,0.136,1317.245,0,-0.8291,5.00E-04,0.5592,21.75,-0.1596,0,0,TRUE,0,0,0,-0.16047205
1565839334826,1080.617,0.136,1317.351,-1.00E-04,-0.833,6.00E-04,0.5532,21.64,-0.16527,0,0,TRUE,0,0,0,-0.16524969
1565839334987,1080.831,0.136,1317.46,-1.00E-04,-0.8371,6.00E-04,0.5471,21.53,-0.16857,0,0,TRUE,0,0,0,-0.16912623
1565839335146,1081.041,0.136,1317.573,-1.00E-04,-0.8412,6.00E-04,0.5407,21.43,-0.17154,0,0,TRUE,0,0,0,-0.15382728
1565839335313,1081.249,0.136,1317.688,-1.00E-04,-0.8453,6.00E-04,0.5342,21.32,-0.1738,0,0,TRUE,0,0,0,-0.160129
1565839335473,1081.453,0.136,1317.806,-1.00E-04,-0.8495,6.00E-04,0.5276,21.21,-0.17571,0,0,TRUE,0,0,0,-0.16529135
1565839335638,1081.654,0.136,1317.927,-1.00E-04,-0.8536,5.00E-04,0.521,21.1,-0.17717,0,0,TRUE,0,0,0,-0.15867399
1565839335803,1081.853,0.136,1318.051,-1.00E-04,-0.8576,5.00E-04,0.5143,21,-0.17894,0,0,TRUE,0,0,0,-0.14286944
1565839335968,1082.048,0.136,1318.177,-1.00E-04,-0.8617,5.00E-04,0.5075,20.89,-0.18103,0,0,TRUE,0,0,0,-0.1555369
1565839336132,1082.24,0.136,1318.306,-1.00E-04,-0.8657,5.00E-04,0.5006,20.79,-0.18293,0,0,TRUE,0,0,0,-0.1405831
1565839336294,1082.429,0.136,1318.438,1.00E-04,0.8697,-5.00E-04,-0.4937,20.68,-0.18426,0,0.11111617,TRUE,0,0,0,-0.15464182
1565839336462,1082.614,0.136,1318.571,1.00E-04,0.8736,-5.00E-04,-0.4867,20.39,-0.1858,0,0.2182498,TRUE,0,0,0,-0.3893148
1565839336624,1082.793,0.136,1318.705,1.00E-04,0.8774,-4.00E-04,-0.4798,19.87,-0.18776,0,0.19444573,TRUE,0,0,0,-0.7138879
1565839336784,1082.965,0.136,1318.837,1.00E-04,0.881,-3.00E-04,-0.4731,19.32,-0.19001,0,0.07539478,TRUE,0,0,0,-0.7573267
1565839336953,1083.131,0.136,1318.969,1.00E-04,0.8846,-3.00E-04,-0.4663,18.98,-0.19135,0,0.07539481,TRUE,0,0,0,-0.43747944
1565839337063,1083.292,0.136,1319.102,0,0.8881,-4.00E-04,-0.4596,18.71,-0.19135,0,0.07539481,TRUE,0,0,0,-0.52558005
1565839337171,1083.449,0.136,1319.236,0,0.8916,-4.00E-04,-0.4529,18.44,-0.19135,0,0.07539478,TRUE,0,0,0,-0.5283302
1565839337277,1083.602,0.136,1319.37,0,0.8949,-4.00E-04,-0.4463,18.18,-0.19135,0,0.07539481,TRUE,0,0,0,-0.5126104
1565839337383,1083.75,0.136,1319.504,0,0.8981,-4.00E-04,-0.4397,17.91,-0.19135,0,0.07539481,TRUE,0,0,0,-0.5243648
1565839337490,1083.894,0.136,1319.639,0,0.9013,-4.00E-04,-0.4333,17.64,-0.19135,0,0.07539481,TRUE,0,0,0,-0.51141274
1565839337600,1084.034,0.136,1319.773,-1.00E-04,0.9043,-3.00E-04,-0.4269,17.37,-0.19135,0,0.07539481,TRUE,0,0,0,-0.4927357
1565839337707,1084.17,0.136,1319.907,-1.00E-04,0.9073,-3.00E-04,-0.4205,17.1,-0.19135,0,0.07539481,TRUE,0,0,0,-0.49920848
1565839337816,1084.303,0.136,1320.041,-1.00E-04,0.9101,-3.00E-04,-0.4143,16.83,-0.19135,0,0.07539481,TRUE,0,0,0,-0.4845359
1565839337955,1084.431,0.136,1320.175,-1.00E-04,0.9129,-3.00E-04,-0.4081,16.56,-0.1916,0,0.07539481,TRUE,0,0,0,-0.3727285
1565839338122,1084.555,0.136,1320.308,-1.00E-04,0.9156,-3.00E-04,-0.4021,16.3,-0.19281,0,0.07539481,TRUE,0,0,0,-0.29501927
1565839338236,1084.676,0.136,1320.441,-1.00E-04,0.9182,-3.00E-04,-0.396,16.03,-0.19285,0,0.07539481,TRUE,0,0,0,-0.44256774
1565839338343,1084.793,0.136,1320.573,-1.00E-04,0.9208,-3.00E-04,-0.3901,15.76,-0.19285,0,0.07539478,TRUE,0,0,0,-0.46489275
1565839338456,1084.906,0.136,1320.704,-1.00E-04,0.9233,-3.00E-04,-0.3842,15.49,-0.19285,0,0.07539481,TRUE,0,0,0,-0.43363634
1565839338563,1085.015,0.136,1320.835,-2.00E-04,0.9256,-3.00E-04,-0.3784,15.22,-0.19285,0,0.07539484,TRUE,0,0,0,-0.44838074
1565839338670,1085.121,0.136,1320.964,-2.00E-04,0.9279,-3.00E-04,-0.3727,14.95,-0.19285,0,0.07539481,TRUE,0,0,0,-0.4448351
1565839338817,1085.223,0.136,1321.093,-2.00E-04,0.9302,-3.00E-04,-0.3671,14.69,-0.19316,0,0.07539481,TRUE,0,0,0,-0.30477887
1565839338982,1085.322,0.136,1321.22,-2.00E-04,0.9323,-3.00E-04,-0.3616,14.42,-0.19392,0,0.07539481,TRUE,0,0,0,-0.27951652
1565839339108,1085.418,0.136,1321.346,-2.00E-04,0.9344,-3.00E-04,-0.3561,14.15,-0.19409,0,0.07539481,TRUE,0,0,0,-0.3606577
1565839339214,1085.511,0.136,1321.471,-2.00E-04,0.9365,-3.00E-04,-0.3507,13.88,-0.19409,0,0.07539481,TRUE,0,0,0,-0.42239588
1565839339321,1085.6,0.136,1321.595,-2.00E-04,0.9384,-3.00E-04,-0.3454,13.61,-0.19409,0,0.07539481,TRUE,0,0,0,-0.40862924
1565839339428,1085.686,0.136,1321.717,-2.00E-04,0.9403,-3.00E-04,-0.3402,13.35,-0.19409,0,0.07539484,TRUE,0,0,0,-0.38892016
1565839339547,1085.769,0.136,1321.838,-3.00E-04,0.9422,-3.00E-04,-0.3351,13.08,-0.194,0,0.07539481,TRUE,0,0,0,-0.3565891
1565839339714,1085.849,0.136,1321.957,-3.00E-04,0.9439,-3.00E-04,-0.3301,12.81,-0.19316,0,0.07539481,TRUE,0,0,0,-0.25043833
1565839339873,1085.926,0.136,1322.075,-3.00E-04,0.9456,-3.00E-04,-0.3252,12.55,-0.19205,0,0.07539478,TRUE,0,0,0,-0.24840635
1565839340010,1086.001,0.136,1322.19,-3.00E-04,0.9473,-3.00E-04,-0.3205,12.28,-0.19205,0.11111617,0.07539478,TRUE,0,0,0,-0.2989334
1565839340173,1086.072,0.136,1322.304,-3.00E-04,0.9488,-3.00E-04,-0.3158,12.01,-0.19205,0.46030366,0.07539481,TRUE,0,0,0,-0.24333769
1565839340287,1086.142,0.136,1322.418,-3.00E-04,0.9504,-3.00E-04,-0.3111,11.97,-0.19205,0.48015565,0.07539484,TRUE,0,0,0,-0.050967384
1565839340400,1086.211,0.136,1322.532,-3.00E-04,0.9519,-4.00E-04,-0.3064,12.02,-0.19205,0.48809034,0.07539481,TRUE,0,0,0,0.06369999
1565839340518,1086.278,0.136,1322.648,-3.00E-04,0.9534,-5.00E-04,-0.3016,12.07,-0.19205,0.50782025,0.07539481,TRUE,0,0,0,0.058811467
1565839340639,1086.345,0.136,1322.764,-3.00E-04,0.955,-5.00E-04,-0.2968,12.14,-0.19205,0.5273518,0.07539484,TRUE,0,0,0,0.0803431
1565839340755,1086.411,0.136,1322.883,-3.00E-04,0.9565,-5.00E-04,-0.2919,12.24,-0.19205,0.55078965,0.07539481,TRUE,0,0,0,0.11618372
1565839340867,1086.477,0.136,1323.003,-3.00E-04,0.9579,-5.00E-04,-0.287,12.35,-0.19205,0.55469596,0.07539481,TRUE,0,0,0,0.13154192
1565839340983,1086.542,0.136,1323.124,-3.00E-04,0.9594,-5.00E-04,-0.282,12.47,-0.19205,0.5625086,0.07539481,TRUE,0,0,0,0.13591541
1565839341090,1086.606,0.136,1323.248,-3.00E-04,0.9609,-5.00E-04,-0.2769,12.61,-0.19205,0.5664149,0.07539481,TRUE,0,0,0,0.16659473
1565839341196,1086.67,0.136,1323.374,-3.00E-04,0.9624,-5.00E-04,-0.2718,12.75,-0.19205,0.5664149,0.07539481,TRUE,0,0,0,0.16634987
1565839341301,1086.733,0.136,1323.502,-2.00E-04,0.9638,-5.00E-04,-0.2666,12.89,-0.19205,0.5664149,0.07539478,TRUE,0,0,0,0.16360278
1565839341412,1086.795,0.136,1323.632,-2.00E-04,0.9652,-5.00E-04,-0.2614,13.04,-0.19205,0.5664149,0.07539481,TRUE,0,0,0,0.16160834
1565839341518,1086.857,0.136,1323.764,-2.00E-04,0.9667,-5.00E-04,-0.2561,13.19,-0.19205,0.5664149,0.07539481,TRUE,0,0,0,0.16705583
1565839341623,1086.918,0.136,1323.899,-2.00E-04,0.9681,-5.00E-04,-0.2507,13.34,-0.19205,0.5664149,0.07539481,TRUE,0,0,0,0.16319725
1565839341729,1086.978,0.136,1324.036,-2.00E-04,0.9695,-6.00E-04,-0.2452,13.49,-0.19205,0.5664149,0.07539481,TRUE,0,0,0,0.15785709
1565839341877,1087.037,0.136,1324.175,-2.00E-04,0.9708,-6.00E-04,-0.2397,13.65,-0.19171,0.5703212,0.07539481,TRUE,0,0,0,0.117238484
1565839342040,1087.095,0.136,1324.316,-2.00E-04,0.9722,-6.00E-04,-0.2341,13.81,-0.18832,0.58985275,0.07539481,TRUE,0,0,0,0.10370796
1565839342200,1087.153,0.136,1324.46,-2.00E-04,0.9735,-6.00E-04,-0.2285,14,-0.18303,0.6914168,0.07539481,TRUE,0,0,0,0.12326732
1565839342364,1087.21,0.136,1324.606,-2.00E-04,0.9748,-6.00E-04,-0.2229,14.26,-0.17872,0.785153,0.07539484,TRUE,0,0,0,0.16017662
1565839342522,1087.267,0.136,1324.757,-2.00E-04,0.9761,-6.00E-04,-0.2172,14.61,-0.17703,0.85546654,0.07539484,TRUE,0,0,0,0.21733111
1565839342685,1087.323,0.136,1324.912,-2.00E-04,0.9774,-7.00E-04,-0.2115,15.04,-0.17624,0.8828107,0.07539478,TRUE,0,0,0,0.24907424
1565839342844,1087.38,0.136,1325.072,-1.00E-04,0.9786,-7.00E-04,-0.2057,15.5,-0.17446,0.9140612,0.07539481,TRUE,0,0,0,0.26966935
1565839343008,1087.437,0.136,1325.239,-1.00E-04,0.9799,-8.00E-04,-0.1996,16,-0.17182,0.94921803,0.07539481,TRUE,0,0,0,0.27360123
1565839343165,1087.493,0.136,1325.411,-1.00E-04,0.9811,-8.00E-04,-0.1935,16.53,-0.16885,1,0.07539481,TRUE,0,0,0,0.29045215
1565839343276,1087.55,0.136,1325.59,-1.00E-04,0.9823,-8.00E-04,-0.1872,17.1,-0.16881,1,0.07539481,TRUE,0,0,0,0.4329567
1565839343381,1087.606,0.136,1325.776,0,0.9835,-8.00E-04,-0.1808,17.67,-0.16881,1,0.07539481,TRUE,0,0,0,0.4339976
1565839343492,1087.662,0.136,1325.968,0,0.9847,-8.00E-04,-0.1742,18.12,-0.16884,1,0.07539484,TRUE,0,0,0,0.31544778
1565839343599,1087.716,0.136,1326.164,0,0.9859,-7.00E-04,-0.1676,18.42,-0.16884,1,0.07539481,TRUE,0,0,0,0.20677948
1565839343707,1087.768,0.136,1326.364,1.00E-04,0.987,-7.00E-04,-0.1609,18.67,-0.16884,1,0.07539481,TRUE,0,0,0,0.1617518
1565839343812,1087.818,0.136,1326.567,1.00E-04,0.9881,-6.00E-04,-0.154,18.91,-0.16884,1,0.07539481,TRUE,0,0,0,0.1519838
1565839343918,1087.866,0.136,1326.773,1.00E-04,0.9891,-6.00E-04,-0.1471,19.16,-0.16884,1,0.07539481,TRUE,0,0,0,0.14863919
1565839344021,1087.911,0.136,1326.983,1.00E-04,0.9901,-7.00E-04,-0.1401,19.41,-0.16884,1,0.07539481,TRUE,0,0,0,0.14134674
1565839344133,1087.955,0.136,1327.196,1.00E-04,0.9911,-7.00E-04,-0.133,19.68,-0.16884,1,0.07539481,TRUE,0,0,0,0.13530079
1565839344273,1087.995,0.136,1327.413,2.00E-04,0.9921,-7.00E-04,-0.1258,19.94,-0.16832,1,0.07539481,TRUE,0,0,0,0.09363855
1565839344432,1088.033,0.136,1327.633,2.00E-04,0.993,-7.00E-04,-0.1185,20.22,-0.16092,1,0.07539481,TRUE,0,0,0,0.08314855
1565839344596,1088.069,0.136,1327.857,1.00E-04,0.9938,-7.00E-04,-0.1112,20.5,-0.14808,1,0.07539481,TRUE,0,0,0,0.075276226
1565839344760,1088.103,0.136,1328.085,0,0.9945,-7.00E-04,-0.1043,20.8,-0.13337,1,0.07539484,TRUE,0,0,0,0.07509963
1565839344923,1088.136,0.136,1328.315,-1.00E-04,0.9952,-7.00E-04,-0.0979,21.1,-0.11619,1,0.07539481,TRUE,0,0,0,0.07252722
1565839345081,1088.168,0.136,1328.55,-2.00E-04,0.9958,-7.00E-04,-0.0921,21.41,-0.10085,1,0.07539481,TRUE,0,0,0,0.07346235
1565839345244,1088.199,0.136,1328.788,-3.00E-04,0.9962,-7.00E-04,-0.0869,21.73,-0.08882,1,0.07539478,TRUE,0,0,0,0.07047325
1565839345403,1088.23,0.136,1329.03,-3.00E-04,0.9966,-7.00E-04,-0.0824,22.04,-0.07996,1,0.07539481,TRUE,0,0,0,0.06880836
1565839345566,1088.261,0.136,1329.275,-3.00E-04,0.9969,-7.00E-04,-0.0783,22.37,-0.07145,1,0.07539484,TRUE,0,0,0,0.07060893
1565839345725,1088.291,0.136,1329.524,-3.00E-04,0.9972,-7.00E-04,-0.0746,22.69,-0.06768,1,0.07539481,TRUE,0,0,0,0.06692987
1565839345887,1088.321,0.136,1329.777,-2.00E-04,0.9975,-7.00E-04,-0.0711,23.03,-0.06179,1,0.07539481,TRUE,0,0,0,0.06873335
1565839346044,1088.349,0.136,1330.034,-2.00E-04,0.9977,-7.00E-04,-0.0678,23.37,-0.05054,1,0.07539481,TRUE,0,0,0,0.06502819
1565839346204,1088.378,0.136,1330.294,-3.00E-04,0.9979,-7.00E-04,-0.0649,23.71,-0.03186,1,0.07539481,TRUE,0,0,0,0.065578066
1565839346368,1088.407,0.136,1330.559,-5.00E-04,0.998,-7.00E-04,-0.0627,24.06,-0.01562,1,0.07539481,TRUE,0,0,0,0.06433365
1565839346524,1088.437,0.136,1330.827,-6.00E-04,0.9981,-7.00E-04,-0.0614,24.42,-0.0109,1,0.07539481,TRUE,0,0,0,0.071362644
1565839346684,1088.469,0.136,1331.099,-6.00E-04,0.9982,-7.00E-04,-0.0606,24.78,-0.01251,0.98828113,0.07539481,TRUE,0,0,0,0.07299358
1565839346846,1088.501,0.136,1331.375,-5.00E-04,0.9982,-7.00E-04,-0.0599,25.14,-0.01449,0.9882811,0.07539484,TRUE,0,0,0,0.07105388
1565839347006,1088.533,0.136,1331.655,-4.00E-04,0.9982,-7.00E-04,-0.0592,25.5,-0.01699,0.98828113,0.07539478,TRUE,0,0,0,0.07092094
1565839347170,1088.565,0.136,1331.939,-3.00E-04,0.9983,-7.00E-04,-0.0583,25.87,-0.02007,0.988281,0.07539481,TRUE,0,0,0,0.07014717
1565839347338,1088.596,0.136,1332.227,-3.00E-04,0.9984,-7.00E-04,-0.0573,26.24,-0.023,0.988281,0.07539478,TRUE,0,0,0,0.06546505
1565839347496,1088.627,0.136,1332.52,-3.00E-04,0.9984,-7.00E-04,-0.0561,26.61,-0.02628,0.9882811,0.07539481,TRUE,0,0,0,0.06846158
1565839347662,1088.657,0.136,1332.817,-2.00E-04,0.9985,-7.00E-04,-0.0546,26.99,-0.03021,0.9882811,0.07539478,TRUE,0,0,0,0.063967064
1565839347826,1088.686,0.136,1333.118,-2.00E-04,0.9986,-7.00E-04,-0.053,27.38,-0.03156,0.9882811,0.07539478,TRUE,0,0,0,0.06345826